4000.000000 40850.000000 -37.283724 18.970681 -5.581823 0.715383 0.036183 0.088643 -0.692142
4000.000000 40800.000000 -38.245539 16.637886 -5.395455 0.711124 0.033822 0.094160 -0.695911
4000.000000 40750.000000 -38.016003 14.198747 -6.248712 -0.701403 -0.022460 -0.098146 0.705618
4050.000000 40850.000000 -37.939518 21.490183 -5.576788 -0.701798 -0.013616 -0.109241 0.703818
4050.000000 40900.000000 -34.597910 25.822943 -5.321014 -0.701904 -0.033909 -0.089879 0.705764
4050.000000 40800.000000 -37.343255 18.436504 -4.957372 -0.701583 -0.025165 -0.099745 0.705123
4100.000000 40850.000000 -37.938479 22.567658 -5.604276 -0.697867 -0.000524 -0.107142 0.708168
4100.000000 40800.000000 -37.892144 21.963373 -5.904356 -0.686416 -0.000749 -0.110403 0.718779
4100.000000 40900.000000 -35.018724 26.727690 -5.396912 -0.702036 -0.022585 -0.093163 0.705660
4150.000000 40850.000000 -37.953771 24.414545 -5.288095 0.706431 -0.041312 0.121256 -0.696093
4150.000000 40900.000000 -33.090343 26.629150 -4.540435 0.719065 0.010169 0.082142 -0.689996
4150.000000 40750.000000 -32.491442 26.317504 -5.243586 0.711087 0.007114 0.081708 -0.698304
4200.000000 40900.000000 -34.781050 30.287231 -5.094790 0.704333 -0.080418 0.171018 -0.684252
4200.000000 40850.000000 -32.793831 33.911702 -5.309410 0.706765 -0.072347 0.162807 -0.684648
4200.000000 40950.000000 -33.002379 32.455116 -5.021231 0.708262 -0.076872 0.163270 -0.682494
4250.000000 40950.000000 -31.711603 34.420693 -5.000964 -0.683724 0.124721 -0.208976 0.687965
4250.000000 40900.000000 -32.560683 32.673706 -4.960031 -0.683139 0.122188 -0.208224 0.689227
4250.000000 40850.000000 -32.533818 33.111721 -5.037864 -0.684492 0.125632 -0.208732 0.687108
4300.000000 41000.000000 -39.461907 31.298539 -5.509507 0.676178 -0.177761 0.311803 -0.643399
4300.000000 40950.000000 -35.105871 32.702324 -5.071743 0.675665 -0.186689 0.298600 -0.647659
4300.000000 40900.000000 -32.358789 32.058559 -4.891629 0.682143 -0.163461 0.283740 -0.653799
4350.000000 41000.000000 -33.648950 34.824690 -5.079875 0.633979 -0.280133 0.375225 -0.615468
4350.000000 41050.000000 -39.345945 35.251970 -5.905130 0.620888 -0.293744 0.399448 -0.607169
4350.000000 40950.000000 -30.248682 36.219136 -4.716806 0.640591 -0.285320 0.361215 -0.614622
4400.000000 41050.000000 -33.382931 38.680947 -5.592654 -0.557529 0.360400 -0.455502 0.593119
4400.000000 41100.000000 -33.506930 40.030398 -5.872349 -0.567659 0.351085 -0.463030 0.583186
4400.000000 41000.000000 -29.425668 36.474595 -4.697729 0.598625 -0.330888 0.419736 -0.596643
4450.000000 41100.000000 -32.267570 38.705100 -5.481877 -0.540885 0.425813 -0.469309 0.553061
4450.000000 41050.000000 -29.969293 39.154924 -4.802132 -0.526626 0.447050 -0.470241 0.549258
4450.000000 41150.000000 -32.383454 39.615040 -6.385175 -0.542267 0.402155 -0.462578 0.574665
4500.000000 41200.000000 -27.960903 43.517661 -4.885264 0.448802 -0.498810 0.568503 -0.475993
4500.000000 41150.000000 -27.757277 40.234708 -5.083367 0.485089 -0.451617 0.535205 -0.523724
4500.000000 41250.000000 -31.861169 45.575378 -4.473727 0.470800 -0.502424 0.552054 -0.470271
4550.000000 41250.000000 -21.498867 39.460777 -3.946251 0.412086 -0.548605 0.583916 -0.433889
4550.000000 41200.000000 -21.939187 40.402586 -3.960996 0.397228 -0.553273 0.595661 -0.425778
4550.000000 41300.000000 -22.195377 40.402327 -4.261030 0.400317 -0.550493 0.595022 -0.427379
4600.000000 41250.000000 -19.111308 38.221834 -3.611262 0.405596 -0.558848 0.603763 -0.398310
4600.000000 41300.000000 -19.593525 38.630142 -3.686300 0.402178 -0.558831 0.606994 -0.396888
4600.000000 41200.000000 -19.879178 39.162061 -3.577242 0.385369 -0.567116 0.616393 -0.387207
4650.000000 41250.000000 -16.982559 37.131153 -3.190193 0.376888 -0.587298 0.610056 -0.375325
4650.000000 41300.000000 -17.031811 37.377619 -3.282487 0.376723 -0.583590 0.611355 -0.379139
4650.000000 41350.000000 -17.395300 37.158365 -3.354912 0.377956 -0.579829 0.611412 -0.383566
4700.000000 41350.000000 -15.420052 36.135769 -2.993302 0.370288 -0.581972 0.610596 -0.389060
4700.000000 41300.000000 -15.158092 36.497925 -2.866744 0.374432 -0.583853 0.605139 -0.390798
4700.000000 41400.000000 -15.481541 36.202235 -2.942109 0.370264 -0.590585 0.603811 -0.386685
4750.000000 41350.000000 -13.412277 35.061669 -2.678659 0.366095 -0.567565 0.626310 -0.389333
4750.000000 41400.000000 -13.370957 34.974676 -2.678715 0.363891 -0.577868 0.620920 -0.384850
4750.000000 41450.000000 -13.980195 35.175620 -2.827363 0.362826 -0.571225 0.623899 -0.390909
4800.000000 41400.000000 -11.490211 33.843950 -2.389227 0.371780 -0.574990 0.610089 -0.398696
4800.000000 41450.000000 -12.025311 34.086381 -2.480778 0.370391 -0.569927 0.614789 -0.400035
4800.000000 41350.000000 -11.780913 34.408703 -2.360316 0.366246 -0.569753 0.619289 -0.397148
4850.000000 41450.000000 -10.251141 33.136446 -2.179823 0.390478 -0.567132 0.613906 -0.386015
4850.000000 41500.000000 -10.793744 33.521478 -2.341061 0.386005 -0.569323 0.616738 -0.382759
4850.000000 41400.000000 -9.969271 33.025875 -2.132445 0.396236 -0.567393 0.609254 -0.387134
4900.000000 41500.000000 -7.967504 31.774834 -1.880430 0.371516 -0.590982 0.609334 -0.376070
4900.000000 41450.000000 -8.003281 31.909115 -1.863390 0.371905 -0.587500 0.610967 -0.378484
4900.000000 41550.000000 -9.272300 32.633194 -1.910824 0.369847 -0.595871 0.606481 -0.374609
4950.000000 41550.000000 -6.976782 31.202390 -1.578388 0.382318 -0.594304 0.606288 -0.364760
4950.000000 41500.000000 -6.199706 30.748071 -1.574358 0.378098 -0.592886 0.610088 -0.365130
4950.000000 41600.000000 -7.774874 32.345125 -1.821983 0.370386 -0.594827 0.616560 -0.358955
5000.000000 41600.000000 -6.142192 31.769809 -1.685557 0.330046 -0.606284 0.629842 -0.356074
5000.000000 41550.000000 -4.655185 29.755403 -1.368229 0.353340 -0.599851 0.615961 -0.368675
5000.000000 41650.000000 -5.032682 30.172347 -1.479322 0.345272 -0.596619 0.621172 -0.372798
5050.000000 41650.000000 -3.891352 29.369704 -1.315162 0.345032 -0.596247 0.637278 -0.345425
5050.000000 41600.000000 -3.729240 29.758864 -1.247367 0.328209 -0.613847 0.642744 -0.319924
5050.000000 41550.000000 -3.208579 28.797715 -1.139575 0.352181 -0.603817 0.631520 -0.335494
5100.000000 41650.000000 -1.172832 27.030581 -0.834321 0.242901 -0.639855 0.664483 -0.300080
5100.000000 41700.000000 -1.505265 27.363228 -0.919579 0.243611 -0.633356 0.671536 -0.297579
5100.000000 41600.000000 -1.153771 27.181838 -0.777626 0.247277 -0.643211 0.662515 -0.293612
5150.000000 41700.000000 -0.151022 24.994821 -0.687237 0.140708 -0.680981 0.698577 -0.168687
5150.000000 41750.000000 -0.356871 25.578798 -0.728571 0.149485 -0.681216 0.696259 -0.169770
5150.000000 41650.000000 -0.354422 25.393563 -0.709227 0.140127 -0.684825 0.694015 -0.172399
5200.000000 41750.000000 -0.020666 23.219461 -0.658848 -0.009475 -0.705944 0.706531 -0.048650
5200.000000 41800.000000 -0.123644 23.492663 -0.668012 0.001133 0.707776 -0.704526 0.051909
5200.000000 41850.000000 -0.138694 23.034934 -0.694608 0.006555 0.706383 -0.706195 0.047635
5250.000000 41800.000000 -0.265953 21.247644 -0.610910 0.032357 0.718530 -0.694727 -0.004718
5250.000000 41850.000000 -0.303719 21.086792 -0.683119 0.035623 0.714473 -0.698705 -0.008408
5250.000000 41750.000000 -0.208748 21.507407 -0.670504 0.045409 0.712247 -0.700415 -0.007782
5300.000000 41850.000000 -0.660232 20.131402 -0.568385 0.074029 0.712132 -0.697889 -0.018377
5300.000000 41900.000000 -0.455252 20.177374 -0.670705 -0.076377 -0.703366 0.706008 0.031556
5300.000000 41800.000000 -0.792347 21.126231 -0.657795 0.053800 0.708087 -0.704055 -0.005078
5350.000000 41900.000000 -1.156158 17.310171 -0.643424 0.074052 0.719010 -0.690086 -0.036360
5350.000000 41950.000000 -0.981563 18.165429 -0.609299 0.071807 0.718827 -0.690191 -0.042054
5350.000000 41850.000000 -1.137549 18.806050 -0.423074 0.062883 0.727512 -0.683054 -0.014422
5400.000000 41950.000000 -1.771992 15.197646 -0.667144 -0.130703 -0.679466 0.718354 0.072182
5400.000000 41900.000000 -1.339757 16.107387 -0.511287 -0.132774 -0.678892 0.718480 0.072547
5400.000000 41850.000000 -0.980098 19.245405 -0.473723 -0.132520 -0.683092 0.715108 0.066668
5450.000000 41950.000000 -2.311353 13.780240 -0.588266 0.104118 0.723437 -0.681703 -0.032859
5450.000000 41900.000000 -2.075203 16.706807 -0.499567 0.096801 0.718987 -0.687824 -0.024199
5450.000000 41850.000000 -0.620181 20.743228 -0.798697 0.106688 0.716553 -0.688108 -0.040960
5500.000000 41950.000000 -2.775221 11.032281 -0.695288 0.008080 0.713077 -0.700757 0.019892
5500.000000 41850.000000 -2.585912 13.371545 -0.490141 0.004656 0.716834 -0.696687 0.027456
5500.000000 41800.000000 -2.752379 12.805204 -0.588605 -0.005087 0.715413 -0.698006 0.030775
5550.000000 41750.000000 -0.981890 8.163326 -1.339268 0.139962 -0.659001 0.713706 -0.191711
5550.000000 41800.000000 -2.108945 11.355930 -0.734175 0.183698 -0.668441 0.694529 -0.192539
5550.000000 41850.000000 -1.431469 12.368905 -0.708976 0.164417 -0.669747 0.698879 -0.189667
5600.000000 41700.000000 nan nan nan nan nan nan nan
5850.000000 41800.000000 -0.050954 18.633038 -1.740040 0.115258 -0.647237 0.741337 -0.134977
5850.000000 41750.000000 5.635311 4.837473 1.834858 -0.044807 0.718236 -0.694316 0.007334
5850.000000 41950.000000 -0.513141 13.401696 -0.441979 0.091257 -0.695198 0.706592 -0.095389
5900.000000 41800.000000 0.315265 18.545234 0.415124 0.044029 0.729844 -0.668334 0.136817
5900.000000 41950.000000 -0.518673 17.699153 -1.110828 -0.018182 -0.704277 0.709648 0.007979
5900.000000 41900.000000 -1.501683 24.823847 -0.971586 -0.039774 0.710642 -0.702051 0.023041
5950.000000 41850.000000 2.002898 16.016071 0.673753 0.104162 0.737039 -0.646671 -0.166556
5950.000000 41800.000000 0.509226 22.974936 -0.139768 0.065153 0.713566 -0.696587 -0.036683
5950.000000 41950.000000 -0.832017 12.580917 -0.636660 -0.120596 -0.692179 0.709314 -0.056726
6000.000000 600.000000 3.714786 -3.936915 0.525945 0.124155 0.710655 -0.688848 -0.071020
6000.000000 650.000000 3.871680 -4.069753 0.493512 0.119587 0.708047 -0.692702 -0.067319
6000.000000 700.000000 3.583134 -4.946882 0.456786 0.123217 0.714051 -0.684346 -0.081357
6000.000000 8900.000000 3.114781 -10.505677 0.025298 0.147777 0.709648 -0.681657 -0.099521
6000.000000 8800.000000 -13.931551 -27.807196 -1.126165 0.151472 0.714790 -0.675712 -0.097699
6000.000000 9000.000000 -0.061868 -8.785906 0.070374 0.129484 0.709099 -0.689920 -0.066513
6050.000000 650.000000 3.345919 -5.429981 0.661208 0.086739 0.722731 -0.684861 -0.033187
6050.000000 700.000000 2.816242 -4.602853 0.624839 0.066958 0.727777 -0.682356 -0.015756
6050.000000 750.000000 3.094252 -4.483947 0.425584 0.075866 0.719504 -0.690003 -0.021306
6050.000000 8850.000000 -1.543738 -10.521216 -1.809347 0.108770 0.714338 -0.689075 -0.055365
6050.000000 9000.000000 -7.706800 -21.373397 -0.148947 0.103398 0.720877 -0.684663 -0.029677
6050.000000 8950.000000 0.157219 -9.334342 -0.381876 0.100392 0.722174 -0.681936 -0.057873
6100.000000 750.000000 2.330169 -7.160345 0.503608 0.091056 0.726408 -0.680112 -0.038575
6100.000000 700.000000 2.394162 -7.688216 0.437755 0.088274 0.727356 -0.678361 -0.054661
6100.000000 650.000000 2.873687 -6.465487 0.566562 0.093374 0.724468 -0.680380 -0.059253
6100.000000 8850.000000 3.554965 -9.432299 -0.471563 0.137412 0.720561 -0.673846 -0.088554
6100.000000 8950.000000 9.054278 -10.854848 2.484009 0.165493 0.723251 -0.663494 -0.096415
6100.000000 9000.000000 -13.690809 -31.110052 -0.827595 0.110864 0.723214 -0.680349 -0.042379
6150.000000 800.000000 1.455979 -10.514520 0.386011 0.124956 0.722282 -0.677644 -0.059106
6150.000000 750.000000 1.549574 -9.650329 0.409993 0.119933 0.722299 -0.679517 -0.046443
6150.000000 850.000000 1.555408 -10.114966 0.333971 0.128619 0.717268 -0.682667 -0.054307
6150.000000 8850.000000 0.365911 -8.181378 -1.349883 0.139905 0.716190 -0.679692 -0.074280
6150.000000 8950.000000 7.027705 -11.012403 2.340601 0.179134 0.720554 -0.663343 -0.093209
6150.000000 9000.000000 -12.774387 -31.081330 -0.932750 0.136711 0.721135 -0.676515 -0.060017
6200.000000 800.000000 0.637800 -13.015202 0.311567 0.080806 0.741272 -0.665011 -0.041795
6200.000000 850.000000 0.681423 -12.885420 0.273801 0.085016 0.735944 -0.670641 -0.037406
6200.000000 750.000000 0.882489 -12.001403 0.297254 0.070198 0.737895 -0.670420 -0.033488
6200.000000 8950.000000 1.362204 -13.572362 -0.219773 0.098283 0.738435 -0.663753 -0.066981
6200.000000 8800.000000 -14.321560 -29.839840 -1.133783 0.095352 0.744189 -0.658456 -0.059389
6200.000000 8900.000000 -1.256941 -16.031279 1.855308 0.099477 0.749749 -0.652329 -0.049474
6250.000000 850.000000 0.152720 -15.086565 0.281150 0.115618 0.724615 -0.677786 -0.046615
6250.000000 900.000000 0.186911 -14.898529 0.269756 0.104120 0.727122 -0.676573 -0.051986
6250.000000 950.000000 0.069914 -13.162101 0.097096 0.093873 0.721812 -0.684952 -0.031869
6250.000000 8850.000000 -4.580651 -17.566175 -1.304213 0.116331 0.722289 -0.679170 -0.059108
6250.000000 9000.000000 -13.583134 -32.911638 -0.994874 0.109573 0.725803 -0.677864 -0.041280
6250.000000 8800.000000 -10.338266 -25.769875 -0.666854 0.113489 0.732346 -0.668714 -0.060085
6300.000000 950.000000 -0.403606 -16.621805 0.126880 0.074131 0.719414 -0.690387 -0.017732
6300.000000 1000.000000 -0.621237 -15.312028 0.156264 0.049422 0.722498 -0.689590 -0.004400
6300.000000 900.000000 -0.378220 -16.840340 0.250723 0.064439 0.722898 -0.687554 -0.023145
6300.000000 8800.000000 -8.896406 -25.852213 -0.839240 0.103823 0.724728 -0.679256 -0.051003
6300.000000 8850.000000 1.067272 -14.181684 -1.045869 0.100861 0.715553 -0.689666 -0.046612
6300.000000 8900.000000 1.972955 -11.173718 0.623397 0.079870 0.726828 -0.681389 -0.032428
6350.000000 1000.000000 -1.098758 -18.532176 0.079564 0.077365 0.724622 -0.684006 -0.032753
6350.000000 950.000000 -1.031418 -18.389223 0.084121 0.082250 0.719963 -0.688519 -0.028795
6350.000000 1050.000000 -1.164398 -17.218563 -0.029261 0.077541 0.717576 -0.691473 -0.030605
6350.000000 8850.000000 0.759928 -13.806395 0.792770 0.104744 0.728328 -0.674968 -0.054637
6350.000000 8800.000000 -12.491815 -29.863033 -0.978900 0.103242 0.728892 -0.674271 -0.058459
6350.000000 8950.000000 -7.570230 -25.076536 -1.598969 0.087358 0.723457 -0.681268 -0.069664
6400.000000 1050.000000 -1.723094 -19.791591 0.015475 0.078433 0.711111 -0.698420 -0.019462
6400.000000 1100.000000 -1.744733 -20.164755 0.005324 0.080453 0.714248 -0.694702 -0.027702
6400.000000 1000.000000 -1.517433 -20.512889 0.093786 0.079602 0.717894 -0.690968 -0.029230
6400.000000 8850.000000 -0.248302 -15.970786 -1.276359 0.107139 0.711369 -0.692650 -0.052068
6400.000000 8800.000000 -13.685148 -32.112529 -1.057051 0.114645 0.721629 -0.680412 -0.056097
6400.000000 8950.000000 7.475248 -17.784870 1.727359 0.140725 0.718224 -0.676878 -0.078657
6450.000000 1100.000000 -2.078632 -23.025040 0.100300 0.086073 0.724300 -0.683385 -0.031082
6450.000000 1150.000000 -2.032853 -22.507210 0.044526 0.091849 0.720225 -0.687045 -0.028436
6450.000000 1050.000000 -1.937209 -22.187738 0.127525 0.081557 0.719408 -0.689411 -0.022645
6450.000000 8800.000000 -15.333258 -33.671526 -1.271256 0.099436 0.728127 -0.676739 -0.044368
6450.000000 8850.000000 -1.655290 -17.797779 -0.979286 0.095552 0.719554 -0.686620 -0.040805
6450.000000 8950.000000 -0.745464 -21.929919 -1.195272 0.103023 0.719430 -0.683829 -0.064690
6500.000000 1150.000000 -2.439901 -25.007890 0.065549 0.078741 0.707591 -0.701860 -0.022507
6500.000000 1100.000000 -2.403048 -25.078090 0.083771 0.067639 0.709293 -0.701293 -0.022723
6500.000000 1200.000000 -2.430472 -24.872827 0.059501 0.068618 0.705869 -0.704745 -0.019349
6500.000000 8800.000000 -13.050677 -33.008331 -0.985832 0.087705 0.713853 -0.693496 -0.042254
6500.000000 8850.000000 -7.409956 -24.321619 -1.435057 0.064348 0.706026 -0.704466 -0.033374
6500.000000 8950.000000 -6.723211 -28.665237 -1.217198 0.084028 0.705453 -0.701961 -0.050256
6550.000000 1200.000000 -2.887453 -27.363001 0.086169 0.066237 0.721255 -0.689172 -0.021102
6550.000000 1150.000000 -2.910379 -27.357661 0.044352 0.067619 0.720620 -0.689778 -0.018489
6550.000000 1250.000000 -2.832352 -26.933142 0.060072 0.058981 0.721110 -0.690091 -0.017201
6550.000000 8800.000000 -11.626675 -32.447545 -0.973070 0.072162 0.729015 -0.679234 -0.044396
6550.000000 8850.000000 0.040327 -21.874546 -0.234059 0.081134 0.718077 -0.690775 -0.024763
6550.000000 8950.000000 -23.277131 -46.011178 -2.042846 0.060699 0.721066 -0.689235 -0.036530
6600.000000 1250.000000 -3.083071 -29.444813 0.224525 0.091435 0.743212 -0.662659 -0.012626
6600.000000 1300.000000 -2.941857 -28.880654 0.168202 0.087266 0.740216 -0.666594 -0.010794
6600.000000 1200.000000 -3.115834 -29.654629 0.238536 0.093793 0.743666 -0.661752 -0.015789
6600.000000 8950.000000 -19.065103 -42.199656 -1.557686 0.094055 0.744752 -0.660269 -0.023301
6600.000000 8800.000000 -16.312819 -35.752734 -1.660778 0.094597 0.748319 -0.655971 -0.027796
6650.000000 1300.000000 -3.460295 -31.401208 0.189733 0.113038 0.727146 -0.675945 -0.039739
6650.000000 1250.000000 -3.497276 -31.770550 0.245940 0.112219 0.731112 -0.671714 -0.041014
6650.000000 1350.000000 -3.439495 -30.870630 0.223466 0.105062 0.732984 -0.670960 -0.038851
6650.000000 8800.000000 -18.705552 -39.226503 -1.671013 0.116683 0.736414 -0.664246 -0.053450
6650.000000 8950.000000 -4.085948 -29.368378 -0.932286 0.111367 0.732047 -0.668670 -0.067717
6650.000000 8850.000000 -0.328280 -25.372949 0.537731 0.123274 0.733662 -0.666247 -0.051556
6700.000000 1350.000000 -4.082700 -32.920001 0.204280 0.118217 0.726588 -0.675672 -0.039530
6700.000000 1300.000000 -4.101279 -33.079063 0.180939 0.117565 0.717670 -0.685587 -0.033155
6700.000000 1400.000000 -4.162586 -32.784411 0.163714 0.114174 0.723500 -0.679597 -0.040738
6700.000000 8800.000000 -15.387089 -36.950298 -0.740085 0.110819 0.738927 -0.662307 -0.055276
6700.000000 8950.000000 -8.177534 -32.823181 -1.461876 0.113994 0.725193 -0.675369 -0.070544
6700.000000 8850.000000 0.540372 -30.154208 1.675869 0.153439 0.729727 -0.662639 -0.069745
6750.000000 1400.000000 -4.834492 -35.002143 0.115788 0.093224 0.735538 -0.669117 -0.050749
6750.000000 1450.000000 -4.569888 -34.405100 -0.001661 0.087070 0.728509 -0.676454 -0.064059
6750.000000 1350.000000 -4.737696 -34.960051 0.099067 0.087410 0.736134 -0.669609 -0.045713
6750.000000 8950.000000 -16.918365 -39.870260 -2.027829 0.069567 0.736170 -0.669310 -0.072377
6750.000000 8800.000000 -16.053036 -37.705001 -1.762120 0.116582 0.738096 -0.659963 -0.077918
6750.000000 8850.000000 -5.554459 -28.394429 -1.788158 0.054583 0.737375 -0.663615 -0.113641
6800.000000 1450.000000 -5.263008 -36.797039 0.144593 0.109661 0.718719 -0.681871 -0.080439
6800.000000 1500.000000 -5.080417 -35.869164 0.164809 0.113952 0.723971 -0.676824 -0.069208
6800.000000 1400.000000 -4.952848 -35.722729 0.148604 0.103407 0.720681 -0.682471 -0.064502
6800.000000 8800.000000 -17.180209 -41.396798 -1.360062 0.138946 0.727435 -0.664594 -0.099234
6800.000000 8950.000000 -6.833044 -36.968598 -0.857004 0.143978 0.719226 -0.669066 -0.119727
6800.000000 8850.000000 -1.947509 -24.844108 -1.666178 0.106007 0.717057 -0.685216 -0.071205
6850.000000 1500.000000 -5.837620 -37.798910 0.077114 0.118483 0.723200 -0.676704 -0.070827
6850.000000 1450.000000 -5.597408 -36.986096 0.054769 0.109813 0.711207 -0.689877 -0.078710
6850.000000 1550.000000 -5.679320 -38.005735 0.085306 0.127428 0.726446 -0.669275 -0.090053
6850.000000 8850.000000 -2.758442 -35.389509 1.342649 0.173356 0.729177 -0.650405 -0.123376
6850.000000 8950.000000 -5.872828 -35.320483 -2.182586 0.129010 0.718952 -0.668664 -0.139119
6850.000000 8800.000000 -20.023418 -42.757657 -1.758941 0.147746 0.728274 -0.659817 -0.111488
6900.000000 1550.000000 -6.746977 -40.583765 0.067235 0.203698 0.709072 -0.661951 -0.132455
6900.000000 1500.000000 -6.399206 -39.713551 0.071678 0.206392 0.704126 -0.666233 -0.133203
6900.000000 1600.000000 -6.261924 -40.189863 -0.000050 0.208015 0.702760 -0.665232 -0.142565
6900.000000 8950.000000 -6.895459 -39.612747 -0.532323 0.221053 0.699399 -0.659428 -0.164715
6900.000000 8850.000000 -7.078585 -38.197427 -0.157578 0.212761 0.705949 -0.660151 -0.143419
6900.000000 9000.000000 -15.831120 -45.002431 -1.191772 0.204316 0.708408 -0.660080 -0.143903
6950.000000 1600.000000 -7.786503 -41.904025 -0.024243 0.299354 0.674851 -0.633098 -0.232702
6950.000000 1550.000000 -8.377288 -42.827941 -0.092080 0.300913 0.676330 -0.628884 -0.237770
6950.000000 1650.000000 -7.312156 -41.645007 -0.017188 0.290678 0.677239 -0.635389 -0.230509
6950.000000 8950.000000 -11.461102 -42.347445 -0.677657 0.300495 0.673073 -0.629165 -0.246631
6950.000000 9000.000000 -16.195005 -45.564632 -1.247204 0.295974 0.675360 -0.632219 -0.237879
6950.000000 9050.000000 -7.126246 -40.633276 -0.091581 0.291846 0.678439 -0.632401 -0.233701
7000.000000 1650.000000 -9.161032 -43.099222 -0.230268 0.366877 0.650388 -0.599769 -0.287531
7000.000000 1600.000000 -9.539086 -43.405408 -0.152561 0.382670 0.643872 -0.592958 -0.295624
7000.000000 1700.000000 -8.155387 -42.313050 -0.113401 0.360813 0.656314 -0.597323 -0.286830
7000.000000 9100.000000 -5.921257 -41.892496 0.098752 0.382539 0.644927 -0.591096 -0.297218
7000.000000 9150.000000 -6.183877 -40.472224 -0.138167 0.361290 0.651643 -0.601588 -0.287965
7000.000000 9200.000000 -9.219104 -43.881673 -0.825905 0.364555 0.647296 -0.598824 -0.299195
7050.000000 1700.000000 -11.082273 -43.911009 -0.578773 0.332336 0.676075 -0.584410 -0.301564
7050.000000 1650.000000 -11.708120 -44.336549 -0.649515 0.334828 0.672069 -0.588708 -0.299393
7050.000000 1750.000000 -11.118993 -43.923904 -0.624783 0.336103 0.671583 -0.584491 -0.307215
7050.000000 9050.000000 -8.490579 -41.459501 -0.076419 0.339219 0.673282 -0.582107 -0.304587
7050.000000 9100.000000 -7.145951 -43.277407 -0.719216 0.353441 0.661126 -0.580295 -0.318198
7050.000000 9150.000000 -6.852015 -41.648670 0.025994 0.334845 0.673959 -0.583488 -0.305286
7100.000000 1750.000000 -11.815757 -44.472652 -0.645070 0.280286 0.692521 -0.616684 -0.248105
7100.000000 1800.000000 -10.266331 -43.493236 -0.429993 0.292592 0.690558 -0.605711 -0.265768
7100.000000 1700.000000 -13.100671 -45.500617 -0.811143 0.275382 0.695619 -0.617874 -0.241888
7100.000000 9000.000000 -17.759270 -45.419890 -1.728771 0.266144 0.691982 -0.626151 -0.241379
7100.000000 9050.000000 -9.647251 -40.883422 -0.697483 0.267711 0.695280 -0.622410 -0.239839
7100.000000 8950.000000 -13.399837 -43.671219 -1.534495 0.282396 0.687760 -0.613426 -0.266360
7150.000000 1800.000000 -13.542133 -46.085724 -0.864277 0.193056 0.708445 -0.652490 -0.187329
7150.000000 1750.000000 -14.023819 -46.753527 -0.886876 0.196402 0.705902 -0.655309 -0.183572
7150.000000 1850.000000 -12.886880 -45.163177 -0.809617 0.188582 0.710388 -0.652427 -0.184725
7150.000000 8850.000000 -15.322149 -44.942895 -1.297786 0.202827 0.705703 -0.650743 -0.193332
7150.000000 8950.000000 -15.213835 -43.481362 -1.829540 0.183494 0.704007 -0.654652 -0.205270
7150.000000 8800.000000 -24.646465 -46.422206 -2.218775 0.206943 0.712217 -0.640169 -0.200262
7200.000000 1800.000000 -15.131291 -48.252032 -0.963820 0.198731 0.707157 -0.660668 -0.154768
7200.000000 1850.000000 -14.827190 -47.860247 -0.939719 0.201121 0.707948 -0.658458 -0.157456
7200.000000 1750.000000 -13.227103 -46.922823 -0.438345 0.198356 0.710963 -0.655893 -0.158084
7200.000000 8850.000000 -18.317118 -46.388119 -1.474460 0.210054 0.705441 -0.656802 -0.163834
7200.000000 8950.000000 -16.808300 -45.544232 -1.349670 0.201871 0.704602 -0.658805 -0.169588
7200.000000 8900.000000 -16.680579 -45.014685 -1.262932 0.187602 0.710229 -0.662515 -0.146473
7250.000000 1850.000000 -16.436375 -49.738184 -1.072928 0.186887 0.717054 -0.654421 -0.150464
7250.000000 1800.000000 -13.341783 -46.676276 -0.392267 0.180935 0.718009 -0.654355 -0.153444
7250.000000 1750.000000 -14.094241 -47.738358 -0.596281 0.180206 0.719685 -0.652546 -0.154154
7250.000000 8850.000000 -15.590319 -47.727583 -1.097476 0.199641 0.714401 -0.650192 -0.164392
7250.000000 8950.000000 -16.475207 -45.551194 -1.336345 0.191890 0.712805 -0.652669 -0.170619
7250.000000 8900.000000 -17.991415 -46.013151 -1.366090 0.175866 0.718367 -0.656971 -0.146318
7300.000000 1850.000000 -15.729216 -49.657305 -0.784324 0.150432 0.705559 -0.684906 -0.102278
7300.000000 1800.000000 -13.754435 -46.935810 -0.421971 0.139913 0.704816 -0.687959 -0.101837
7300.000000 1750.000000 -14.517304 -47.935954 -0.767721 0.136660 0.702127 -0.691236 -0.102635
7300.000000 8800.000000 -24.988926 -48.274477 -2.192869 0.150453 0.711785 -0.675925 -0.117692
7300.000000 8850.000000 -19.761361 -47.996889 -1.611109 0.165929 0.703566 -0.680117 -0.122080
7300.000000 8950.000000 -20.066114 -44.414777 -1.850844 0.128383 0.701780 -0.692837 -0.104885
7350.000000 1800.000000 -12.342203 -45.099941 1.084300 0.115582 0.734650 -0.664909 -0.069478
7350.000000 1850.000000 -14.292241 -46.643565 0.145277 0.105636 0.736056 -0.665324 -0.066383
7350.000000 1750.000000 nan nan nan nan nan nan nan
7350.000000 8950.000000 -21.004621 -46.217142 -1.664972 0.115593 0.732537 -0.662843 -0.103281
7350.000000 8850.000000 -20.449107 -47.263265 -1.835499 0.140378 0.727572 -0.661981 -0.112756
7350.000000 8800.000000 -24.434675 -48.238767 -2.123428 0.138348 0.736480 -0.653034 -0.109562
7400.000000 1800.000000 nan nan nan nan nan nan nan
7400.000000 1850.000000 -14.444615 -47.260564 -0.790896 0.101624 0.711287 -0.694149 -0.043598
7400.000000 1750.000000 -15.203399 -47.169174 -1.598541 -0.086818 -0.698568 0.709206 0.038628
7400.000000 8800.000000 -24.644051 -49.140678 -2.109217 0.121083 0.720733 -0.677886 -0.079708
7400.000000 8950.000000 -22.963193 -46.332682 -1.872954 0.089095 0.715262 -0.690930 -0.055481
7400.000000 8850.000000 -21.112052 -47.539498 -1.878138 0.119853 0.710522 -0.687585 -0.089561
7450.000000 1800.000000 -14.940774 -46.537029 1.313176 0.092482 0.769099 -0.630833 -0.044532
7450.000000 1750.000000 -15.448889 -51.511069 -1.016497 0.120878 0.747905 -0.649146 -0.068092
7450.000000 1850.000000 nan nan nan nan nan nan nan
7450.000000 8800.000000 -27.160270 -48.628646 -2.494704 0.147008 0.752021 -0.636508 -0.087807
7450.000000 8900.000000 -20.790222 -49.423615 -1.464612 0.129030 0.750991 -0.642536 -0.080696
7450.000000 8950.000000 -22.474492 -47.085282 -1.674796 0.117256 0.754411 -0.641407 -0.075577
7500.000000 1800.000000 nan nan nan nan nan nan nan
7500.000000 1750.000000 nan nan nan nan nan nan nan
7500.000000 1850.000000 -15.930797 -55.917034 -1.263976 0.180972 0.713620 -0.667995 -0.108528
7500.000000 8950.000000 -22.206262 -47.116771 -1.838386 0.147219 0.718990 -0.672819 -0.093241
7500.000000 8900.000000 -21.379984 -49.431064 -1.557956 0.144712 0.720607 -0.671002 -0.097679
7500.000000 8800.000000 -27.387567 -48.977205 -2.504353 0.177041 0.723379 -0.658762 -0.106825
7550.000000 1800.000000 -20.720396 -53.675181 -1.695798 -0.144274 -0.686778 0.701797 0.122481
7550.000000 1850.000000 -21.000893 -54.062301 -1.636086 0.148030 0.698253 -0.690540 -0.116976
7550.000000 1600.000000 -8.307699 -42.357496 0.045220 0.193777 0.694010 -0.679915 -0.136076
7550.000000 8850.000000 -24.761559 -50.917896 -2.086390 0.226987 0.681122 -0.676522 -0.163912
7550.000000 8800.000000 -27.584163 -49.452225 -2.500090 0.231624 0.686349 -0.666297 -0.176985
7550.000000 8950.000000 -21.526167 -52.654671 -1.735765 -0.231383 -0.675739 0.676692 0.178680
7600.000000 1850.000000 -12.877245 -55.500915 -0.951117 0.313212 0.648982 -0.635441 -0.277372
7600.000000 1800.000000 -15.678888 -56.732258 -1.241826 -0.319228 -0.640196 0.640314 0.279715
7600.000000 1600.000000 -11.403009 -47.068352 -0.270058 0.299549 0.658145 -0.639286 -0.261588
7600.000000 9050.000000 -18.232711 -55.923297 -1.075330 0.316205 0.653171 -0.631304 -0.273566
7600.000000 8950.000000 -20.935678 -59.943405 -4.403195 -0.329335 -0.607429 0.625195 0.362905
7600.000000 9000.000000 -20.228430 -55.738170 -3.791373 -0.292208 -0.625266 0.648082 0.321943
7650.000000 1850.000000 -18.409752 -63.065242 -1.168284 0.458670 0.585427 -0.542502 -0.390626
7650.000000 1800.000000 -19.488395 -62.863731 -1.115123 0.453453 0.588971 -0.547979 -0.383683
7650.000000 1700.000000 -14.255996 -63.672944 -0.994612 0.472819 0.576455 -0.529296 -0.404954
7650.000000 9100.000000 -19.546317 -61.766267 -0.560853 0.453718 0.599978 -0.549252 -0.363989
7650.000000 9050.000000 -19.648162 -61.084996 -1.225034 0.441542 0.596322 -0.556237 -0.374220
7650.000000 9150.000000 -18.211481 -64.369133 -0.224668 0.464893 0.591546 -0.533761 -0.386067
7700.000000 1850.000000 -20.975297 -64.081627 -0.945816 0.540144 0.533237 -0.457141 -0.463601
7700.000000 1800.000000 -21.332441 -62.717203 -1.648903 0.519739 0.535937 -0.477171 -0.463628
7700.000000 1700.000000 -17.313225 -62.222015 -1.450044 0.523006 0.536588 -0.470296 -0.466218
7700.000000 9150.000000 -20.732756 -66.259270 -0.365744 0.560145 0.519268 -0.433744 -0.477980
7700.000000 9500.000000 -23.797103 -65.133323 -1.592693 0.534461 0.528892 -0.460293 -0.471970
7700.000000 9250.000000 -19.934147 -67.075357 -0.242573 0.552865 0.526733 -0.438467 -0.473962
7750.000000 1900.000000 -20.130258 -68.539624 -1.543126 0.648468 0.433220 -0.357966 -0.513489
7750.000000 1700.000000 nan nan nan nan nan nan nan
7750.000000 1650.000000 nan nan nan nan nan nan nan
7750.000000 9550.000000 -25.372590 -66.694076 -1.714807 0.640770 0.450378 -0.362790 -0.504932
7750.000000 9500.000000 -24.945157 -66.919693 -1.569111 0.638936 0.452944 -0.371135 -0.498860
7750.000000 9600.000000 -25.154006 -66.480712 -1.798875 0.633372 0.453295 -0.384269 -0.495682
7800.000000 1900.000000 -23.457272 -67.844438 -1.568891 0.669839 0.346235 -0.241026 -0.611018
7800.000000 1950.000000 -21.608550 -75.419225 -1.085476 0.669640 0.322710 -0.237367 -0.625379
7800.000000 1700.000000 -23.327700 -67.079802 -0.747403 0.664333 0.377908 -0.252592 -0.593333
7800.000000 9500.000000 -25.444494 -69.842691 -1.483620 0.665908 0.335401 -0.240256 -0.621571
7800.000000 9450.000000 -25.769862 -69.490446 -1.471017 0.670189 0.333723 -0.237450 -0.618946
7800.000000 9400.000000 -26.470163 -68.781045 -1.663102 0.672253 0.333878 -0.242828 -0.614520
7850.000000 1900.000000 -22.463639 -68.342524 -1.226306 0.685580 0.256774 -0.159568 -0.662258
7850.000000 1950.000000 -24.281448 -73.564670 -1.008488 0.687194 0.228230 -0.139017 -0.675537
7850.000000 1650.000000 -19.790899 -65.088637 -1.179229 0.661163 0.308421 -0.221607 -0.647016
7850.000000 9600.000000 -26.920438 -69.518339 -1.731473 0.683301 0.229760 -0.154696 -0.675559
7850.000000 9650.000000 -27.946394 -69.597604 -1.922927 0.684275 0.233132 -0.146806 -0.675178
7850.000000 9700.000000 -27.973343 -69.439216 -1.976233 0.684247 0.231470 -0.147697 -0.675584
7900.000000 1900.000000 -23.953588 -69.877357 -1.668428 0.727504 0.133640 -0.010267 -0.672884
7900.000000 1950.000000 -25.951162 -77.107987 -0.715528 0.731817 0.092433 0.020920 -0.674880
7900.000000 9700.000000 -30.102420 -71.265180 -2.111871 0.729566 0.086426 0.026600 -0.677906
7900.000000 9650.000000 -30.039947 -70.014291 -2.272807 0.726001 0.100723 0.009193 -0.680215
7900.000000 9750.000000 -30.171845 -69.853658 -2.355142 0.723599 0.109409 -0.004770 -0.681477
7950.000000 9750.000000 -32.012986 -70.311670 -2.490052 0.714030 -0.010466 0.099851 -0.692879
7950.000000 8000.000000 -31.863412 -69.776149 -2.539411 0.716632 -0.009047 0.104103 -0.689579
7950.000000 9700.000000 -31.813513 -69.529170 -2.546752 0.713634 -0.023914 0.116264 -0.690389
10000.000000 8250.000000 -38.132970 -63.289844 -3.597238 0.587862 -0.384258 0.435644 -0.563008
10000.000000 8200.000000 -38.821803 -63.303514 -3.575969 0.578022 -0.394173 0.442070 -0.561331
10000.000000 9950.000000 -38.600582 -63.609552 -3.544179 0.585999 -0.391996 0.432053 -0.562383
10050.000000 8250.000000 -39.180434 -61.351141 -3.739547 0.572250 -0.425150 0.452070 -0.536106
10050.000000 8200.000000 -38.871795 -61.115881 -3.711842 0.562042 -0.434941 0.456799 -0.535042
10050.000000 8300.000000 -38.502605 -61.406222 -3.772165 0.569593 -0.422811 0.451296 -0.541412
10100.000000 8350.000000 -38.972979 -59.415891 -3.902901 0.570769 -0.430806 0.456955 -0.528981
10100.000000 8400.000000 -38.794184 -59.567443 -3.925475 0.570705 -0.426869 0.456904 -0.532275
10100.000000 8300.000000 -39.528997 -59.280277 -3.832747 0.561854 -0.432478 0.463005 -0.531892
10150.000000 8400.000000 -39.467891 -57.478103 -3.989079 0.537933 -0.451798 0.489435 -0.516683
10150.000000 8450.000000 -39.359848 -56.748688 -3.950556 0.540849 -0.450263 0.494512 -0.510102
10150.000000 8350.000000 -39.555718 -57.311767 -3.936538 0.538752 -0.457439 0.491353 -0.508987
10200.000000 8400.000000 -39.326494 -55.326793 -4.006411 -0.491557 0.517520 -0.513536 0.476262
10200.000000 8500.000000 -39.245710 -54.973014 -4.039263 0.487884 -0.513946 0.517461 -0.479649
10200.000000 8450.000000 -39.225309 -55.239248 -4.024816 0.495629 -0.511747 0.519039 -0.472298
10250.000000 8500.000000 -38.823986 -53.413803 -3.996284 -0.387631 0.586740 -0.584859 0.404251
10250.000000 8450.000000 -38.937201 -53.634406 -3.985601 -0.391181 0.588061 -0.581471 0.403798
10250.000000 8400.000000 -39.162933 -53.487568 -3.961493 -0.388440 0.592082 -0.582174 0.399534
10300.000000 8600.000000 -38.480014 -51.446681 -3.820206 -0.301333 0.634847 -0.612444 0.362050
10300.000000 8500.000000 -38.401595 -51.799388 -3.754008 -0.307529 0.632110 -0.605119 0.373755
10300.000000 8400.000000 -38.605482 -51.487897 -3.639497 -0.308290 0.638904 -0.602863 0.365124
10350.000000 8600.000000 -37.618059 -50.012157 -3.578617 -0.202716 0.659945 -0.637807 0.341440
10350.000000 8550.000000 -37.444360 -50.108895 -3.536354 -0.206527 0.661832 -0.635811 0.339218
10350.000000 8650.000000 -38.253453 -49.576747 -3.688968 -0.198450 0.664362 -0.633250 0.343853
10400.000000 8600.000000 -36.265957 -48.583507 -3.483868 0.187518 -0.652410 0.668569 -0.303667
10400.000000 8650.000000 -36.354326 -48.613860 -3.414140 0.189416 -0.657193 0.663543 -0.303199
10400.000000 8550.000000 -36.308076 -48.514930 -3.391532 0.190146 -0.656276 0.663298 -0.305257
10450.000000 8600.000000 -35.109926 -46.676557 -3.280993 0.226782 -0.632260 0.656731 -0.342813
10450.000000 8650.000000 -35.024270 -47.082386 -3.264164 0.228347 -0.635716 0.652994 -0.342524
10450.000000 8550.000000 -34.639988 -47.232178 -3.240751 0.231388 -0.633685 0.653109 -0.344022
10500.000000 8550.000000 -34.225607 -45.554979 -2.926993 0.267574 -0.581799 0.682323 -0.352633
10500.000000 8600.000000 -34.714110 -45.179439 -3.281220 0.263704 -0.574631 0.686006 -0.360075
10500.000000 8650.000000 -34.088090 -45.306130 -3.096614 0.260047 -0.582651 0.683490 -0.354591
10550.000000 8550.000000 -32.015158 -44.990305 -2.602627 0.254130 -0.598739 0.658909 -0.377847
10550.000000 8600.000000 -33.873522 -43.529804 -3.387874 0.247525 -0.588681 0.665429 -0.386512
10550.000000 8650.000000 -33.045075 -43.784747 -2.815448 0.248311 -0.600304 0.659139 -0.378831
10600.000000 8550.000000 -29.900421 -44.962334 -2.063580 0.288490 -0.597187 0.664461 -0.344432
10600.000000 8650.000000 -31.017829 -43.528175 -2.661341 0.279334 -0.593371 0.669209 -0.349346
10600.000000 8450.000000 -31.389679 -47.660222 -2.598916 0.287303 -0.594222 0.669823 -0.340138
10650.000000 8550.000000 -28.307297 -45.864210 -2.255112 0.316266 -0.612040 0.634736 -0.349990
10650.000000 8450.000000 -30.485151 -47.810297 -2.585634 0.319835 -0.611104 0.634016 -0.349687
10650.000000 8500.000000 -28.999431 -47.134937 -2.255170 0.337583 -0.593749 0.623973 -0.379680
10700.000000 8550.000000 -26.005960 -45.602254 -1.731570 0.270511 -0.621589 0.658240 -0.327369
10700.000000 8500.000000 -25.432668 -45.658199 -1.655550 0.261547 -0.619554 0.662883 -0.329138
10700.000000 8600.000000 -28.312585 -43.695350 -2.325538 0.268137 -0.611215 0.664605 -0.335886
10750.000000 8650.000000 -27.216281 -43.026939 -2.096316 0.216197 -0.639462 0.667407 -0.314507
10750.000000 8600.000000 -26.099449 -43.449347 -2.066402 0.207213 -0.633203 0.676175 -0.314490
10750.000000 8550.000000 -23.341807 -47.014663 -1.615578 0.212893 -0.637830 0.671997 -0.310275
10800.000000 8600.000000 -22.471508 -46.545406 -1.365369 0.193463 -0.658863 0.684401 -0.245084
10800.000000 8650.000000 -23.424496 -46.569659 -1.604091 0.191792 -0.663331 0.680966 -0.243915
10800.000000 8700.000000 -24.816766 -45.584580 -1.856954 0.190893 -0.659597 0.686276 -0.239828
10850.000000 8650.000000 -21.921334 -45.918629 -1.519512 0.166398 -0.676741 0.689215 -0.198282
10850.000000 8600.000000 -21.997736 -46.230636 -1.371661 0.173553 -0.669379 0.692994 -0.203890
10850.000000 8550.000000 -18.784230 -48.923155 -0.921778 0.154294 -0.681419 0.692390 -0.180161
10900.000000 8650.000000 -22.844460 -47.823316 -1.401612 0.181635 -0.664637 0.684848 -0.237169
10900.000000 8600.000000 -21.407183 -49.480946 -1.383598 0.165868 -0.655145 0.698987 -0.233858
10900.000000 8700.000000 -23.565826 -45.167868 -1.760055 0.184355 -0.655675 0.692259 -0.238498
10950.000000 8650.000000 -20.370242 -48.872973 -1.388845 0.180156 -0.649601 0.687929 -0.268918
10950.000000 8600.000000 -18.157684 -49.454551 -0.575347 0.152935 -0.656742 0.696053 -0.246599
10950.000000 8550.000000 -17.953484 -51.266394 -0.715763 0.184441 -0.652063 0.685444 -0.266387
11000.000000 8650.000000 -18.070142 -43.937991 -0.612951 -0.151667 0.674936 -0.674134 0.258846
11000.000000 8700.000000 nan nan nan nan nan nan nan
11000.000000 8550.000000 nan nan nan nan nan nan nan
11050.000000 8700.000000 nan nan nan nan nan nan nan
11050.000000 8650.000000 nan nan nan nan nan nan nan
11200.000000 8700.000000 nan nan nan nan nan nan nan
11200.000000 8650.000000 nan nan nan nan nan nan nan
11200.000000 8600.000000 -15.415121 -57.579191 0.517024 0.194214 -0.607130 0.741052 -0.210986
11250.000000 8650.000000 nan nan nan nan nan nan nan
11250.000000 8750.000000 -13.145263 -55.743749 -0.001253 0.234734 -0.567595 0.738490 -0.278152
11250.000000 8600.000000 nan nan nan nan nan nan nan
11350.000000 8650.000000 nan nan nan nan nan nan nan
11500.000000 8650.000000 nan nan nan nan nan nan nan
11500.000000 8600.000000 nan nan nan nan nan nan nan
11600.000000 8650.000000 nan nan nan nan nan nan nan
11650.000000 8450.000000 nan nan nan nan nan nan nan
11700.000000 8650.000000 nan nan nan nan nan nan nan
11900.000000 8650.000000 nan nan nan nan nan nan nan
11950.000000 8650.000000 nan nan nan nan nan nan nan
20000.000000 600.000000 4.866166 -2.288683 0.654715 0.185237 0.720421 -0.661569 -0.094908
20000.000000 650.000000 4.832253 -2.933605 0.593163 0.185601 0.718975 -0.663508 -0.091569
20000.000000 700.000000 4.597395 -3.461514 0.567760 0.179988 0.723473 -0.659357 -0.097153
20050.000000 600.000000 4.224087 -4.059439 0.552615 0.145281 0.734974 -0.656207 -0.089992
20050.000000 650.000000 4.465161 -4.349729 0.577238 0.146484 0.733154 -0.657683 -0.092093
20050.000000 700.000000 4.034351 -4.986479 0.498221 0.140513 0.737452 -0.653619 -0.095927
20100.000000 650.000000 3.745774 -5.942270 0.568711 0.160023 0.724123 -0.662239 -0.107139
20100.000000 700.000000 3.310981 -6.550199 0.429352 0.153439 0.727578 -0.658586 -0.115544
20100.000000 600.000000 3.389888 -5.142925 0.437946 0.155630 0.723741 -0.663657 -0.107416
20100.000000 8850.000000 9.067525 -1.759566 -0.301885 0.180445 0.716786 -0.661822 -0.125097
20100.000000 8800.000000 -10.201816 -23.036640 -0.601777 0.161673 0.729674 -0.653641 -0.119125
20150.000000 700.000000 3.813822 -6.990592 0.956878 0.127552 0.738807 -0.655798 -0.088454
20150.000000 750.000000 2.674299 -6.370768 0.434799 0.082842 0.715782 -0.693049 -0.021813
20150.000000 650.000000 2.931382 -6.353336 0.607967 0.083789 0.716950 -0.691361 -0.031341
20150.000000 8800.000000 -14.430141 -28.431628 -1.351477 0.114297 0.719824 -0.682212 -0.058105
20150.000000 8850.000000 0.162363 -9.810351 -1.260343 0.115439 0.710197 -0.692008 -0.058470
20150.000000 8900.000000 1.346729 -10.473282 -0.606645 0.109411 0.715298 -0.687378 -0.062369
20200.000000 750.000000 2.389779 -9.145934 0.492556 0.153066 0.702893 -0.691045 -0.070489
20200.000000 800.000000 2.096165 -9.532641 0.449405 0.147743 0.703515 -0.692196 -0.064054
20200.000000 700.000000 2.470025 -8.401493 0.466753 0.143128 0.705066 -0.690146 -0.078073
20200.000000 8850.000000 2.947235 -8.729847 0.364965 0.171792 0.701854 -0.686005 -0.085354
20250.000000 800.000000 1.430505 -11.976287 0.408685 0.112068 0.712223 -0.691200 -0.049211
20250.000000 750.000000 1.602787 -10.515406 0.178838 0.100054 0.703533 -0.702989 -0.028929
20250.000000 850.000000 1.476539 -11.690167 0.401315 0.114442 0.707075 -0.696723 -0.039051
20250.000000 8850.000000 -0.945668 -12.968899 -0.962370 0.127623 0.705462 -0.694442 -0.061528
20250.000000 8800.000000 -5.658196 -19.244003 -0.106096 0.118958 0.716014 -0.685595 -0.055969
20250.000000 8900.000000 0.068940 -13.113282 0.129971 0.122405 0.711531 -0.689496 -0.057758
20300.000000 850.000000 0.749615 -13.921984 0.377036 0.148818 0.709623 -0.685932 -0.061528
20300.000000 800.000000 0.745012 -13.970964 0.372917 0.137891 0.714458 -0.682761 -0.066124
20300.000000 900.000000 0.746022 -13.424646 0.335408 0.131042 0.713957 -0.685267 -0.059181
20300.000000 8850.000000 -4.442562 -17.930072 -1.218955 0.151055 0.707863 -0.685628 -0.077636
20300.000000 8950.000000 1.950792 -13.369379 0.122795 0.159174 0.709168 -0.681752 -0.083420
20300.000000 8900.000000 2.489209 -11.403082 0.241098 0.149987 0.713169 -0.680483 -0.076400
20350.000000 950.000000 -0.004152 -15.391072 0.193775 0.122506 0.707372 -0.695138 -0.037424
20350.000000 900.000000 0.046742 -15.987523 0.286737 0.123682 0.711371 -0.690279 -0.046576
20350.000000 1000.000000 -0.006368 -15.537257 0.225579 0.117584 0.712159 -0.690520 -0.046742
20350.000000 8800.000000 -13.208613 -29.750684 -0.974507 0.137467 0.715308 -0.682585 -0.059295
20350.000000 8850.000000 2.605401 -11.046516 -0.818265 0.141934 0.705329 -0.691629 -0.063365
20350.000000 8950.000000 1.059095 -15.305197 0.292786 0.148546 0.706967 -0.688511 -0.063914
20400.000000 950.000000 -0.670930 -17.125861 0.182254 0.124857 0.716937 -0.683783 -0.053416
20400.000000 1000.000000 -0.815712 -18.321222 0.140549 0.124886 0.722272 -0.676715 -0.069164
20400.000000 900.000000 -0.494168 -17.440021 0.260897 0.124275 0.721311 -0.677565 -0.071917
20400.000000 8850.000000 -2.308109 -16.164897 -1.404178 0.140528 0.713175 -0.682184 -0.079109
20400.000000 8900.000000 -1.960714 -18.324072 -0.283209 0.136852 0.721414 -0.673773 -0.082839
20400.000000 9000.000000 -11.275976 -29.950196 -0.435643 0.137369 0.718229 -0.680039 -0.053137
20450.000000 1050.000000 -1.477739 -20.261409 0.122596 0.149474 0.708489 -0.685587 -0.075306
20450.000000 1000.000000 -1.316991 -19.563708 0.183027 0.137756 0.711075 -0.685799 -0.071237
20450.000000 1100.000000 -1.503680 -19.501597 0.114881 0.141499 0.708412 -0.687409 -0.074828
20450.000000 8850.000000 -5.426981 -21.307236 -0.968433 0.157207 0.706498 -0.684472 -0.087437
20450.000000 9000.000000 -11.133165 -31.539769 -0.137220 0.163233 0.708083 -0.684231 -0.061655
20450.000000 8800.000000 -10.899339 -29.219449 -0.704170 0.160168 0.714005 -0.675195 -0.093028
20500.000000 1100.000000 -2.136488 -21.439493 0.198464 0.129250 0.699765 -0.698758 -0.073218
20500.000000 1050.000000 -2.072299 -21.221081 0.168288 -0.130941 -0.695763 0.702780 0.069776
20500.000000 1000.000000 -1.814642 -20.081437 0.230855 -0.113841 -0.697691 0.704581 0.061906
20500.000000 8850.000000 -4.087432 -21.033271 -0.934539 -0.151764 -0.694484 0.697794 0.087997
20500.000000 9000.000000 -13.104529 -34.391746 -0.392715 0.149059 0.698454 -0.697489 -0.058751
20500.000000 8950.000000 5.780087 -18.299045 0.278774 0.173024 0.692431 -0.690778 -0.115875
20550.000000 1150.000000 -2.743053 -23.558146 0.082167 0.148912 0.706270 -0.689671 -0.057985
20550.000000 1100.000000 -2.682252 -23.005407 0.167059 0.135672 0.707051 -0.691815 -0.055353
20550.000000 1200.000000 -2.643382 -23.301761 0.003169 0.142790 0.704826 -0.692194 -0.060816
20550.000000 8800.000000 -14.695025 -34.511151 -1.074440 0.169548 0.711940 -0.675928 -0.086698
20550.000000 9000.000000 -14.807085 -36.741469 -1.155630 0.145163 0.707432 -0.689363 -0.056974
20550.000000 8850.000000 -3.623723 -22.153219 -0.673976 0.162615 0.705382 -0.685146 -0.081048
20600.000000 1200.000000 -3.493815 -26.162313 -0.064283 0.145183 0.707715 -0.684900 -0.094726
20600.000000 1250.000000 -3.391618 -24.708057 -0.141056 0.135387 0.706942 -0.689274 -0.082487
20600.000000 1150.000000 -3.280373 -24.567843 0.111502 0.143453 0.707081 -0.687167 -0.085198
20600.000000 8850.000000 -2.670768 -21.582435 -0.760652 0.159378 0.706654 -0.680585 -0.109736
20600.000000 8950.000000 -0.912793 -23.765661 -0.625202 0.167827 0.703494 -0.679011 -0.125995
20600.000000 8800.000000 -17.432395 -37.270849 -1.312757 0.163347 0.715629 -0.669544 -0.113597
20650.000000 1250.000000 -4.176284 -27.944210 -0.104180 0.150891 0.717470 -0.674873 -0.083750
20650.000000 1200.000000 -4.079682 -28.342589 -0.015136 0.154876 0.718392 -0.671870 -0.092286
20650.000000 1300.000000 -4.100687 -26.343533 -0.285579 0.138688 0.710940 -0.685687 -0.071858
20650.000000 8800.000000 -13.474892 -35.525825 -0.888824 0.168438 0.723506 -0.660613 -0.108437
20650.000000 8950.000000 -1.897277 -26.179054 -0.507670 0.173763 0.713613 -0.668282 -0.118162
20650.000000 9000.000000 -12.500418 -35.811555 -0.804376 0.156206 0.719298 -0.671615 -0.084522
20700.000000 1300.000000 -4.816011 -29.702086 -0.228587 0.118948 0.723597 -0.677260 -0.059811
20700.000000 1250.000000 -5.051493 -30.595157 -0.154337 0.124865 0.729814 -0.669079 -0.064140
20700.000000 1350.000000 -4.762077 -29.847174 -0.147438 0.110981 0.730634 -0.671092 -0.059095
20700.000000 8950.000000 -3.406351 -29.277178 -0.350536 0.158917 0.725249 -0.662081 -0.102023
20700.000000 8850.000000 2.223064 -23.259796 -0.274714 0.154445 0.725440 -0.664487 -0.091329
20700.000000 8900.000000 -6.444154 -25.645234 -0.595882 0.120847 0.728786 -0.671331 -0.059852
20750.000000 1350.000000 -5.291864 -32.388586 -0.109623 0.100581 0.719263 -0.684780 -0.060175
20750.000000 1300.000000 -5.393408 -32.515621 -0.150120 0.103046 0.712686 -0.691427 -0.058211
20750.000000 1400.000000 -5.299861 -31.808440 -0.213051 0.091787 0.713814 -0.692460 -0.050437
20750.000000 8800.000000 -14.336369 -36.221676 -1.214632 0.119019 0.722666 -0.676750 -0.074820
20750.000000 8850.000000 -5.492717 -25.745779 -1.642767 0.109996 0.711575 -0.690627 -0.067802
20750.000000 8950.000000 -6.543077 -30.592036 -0.593253 0.124223 0.714718 -0.683467 -0.081367
20800.000000 1400.000000 -5.751608 -34.583799 -0.120520 0.056012 0.742031 -0.668010 -0.003968
20800.000000 1350.000000 -5.760763 -34.705424 -0.105396 0.056134 0.744007 -0.665808 -0.001576
20800.000000 1450.000000 -5.739934 -33.841184 -0.198387 0.047585 0.738331 -0.672677 -0.010470
20850.000000 1450.000000 -6.036011 -36.636290 0.095063 0.107315 0.714717 -0.690392 -0.031975
20850.000000 1400.000000 -5.869663 -36.563644 0.103212 0.103617 0.718440 -0.687328 -0.026232
20850.000000 1500.000000 -5.813601 -35.857324 0.020791 0.107181 0.716586 -0.688803 -0.023815
20850.000000 8800.000000 -13.302060 -34.917669 0.414379 0.073106 0.745549 -0.660590 -0.049320
20850.000000 8950.000000 -15.842949 -40.753543 -0.918544 0.121169 0.721677 -0.680119 -0.044020
20900.000000 1500.000000 -6.157418 -38.283461 0.037889 0.141177 0.717995 -0.679907 -0.047734
20900.000000 1550.000000 -6.017002 -37.776164 0.105614 0.138823 0.722090 -0.675794 -0.051160
20900.000000 1450.000000 -6.055725 -38.066367 0.116942 0.128589 0.711725 -0.688678 -0.051335
20900.000000 8950.000000 -10.218709 -37.681744 -1.799675 0.133470 0.719547 -0.675341 -0.091392
20900.000000 8850.000000 -4.184675 -34.620275 1.078408 0.160004 0.727428 -0.663299 -0.072672
20900.000000 8800.000000 -18.801883 -41.671120 -1.565636 0.146783 0.726161 -0.668084 -0.069346
20950.000000 1550.000000 -6.809111 -40.124237 0.087910 0.225719 0.724557 -0.638238 -0.129308
20950.000000 1500.000000 -6.437553 -39.516615 0.075017 0.233260 0.721175 -0.638335 -0.134254
20950.000000 1600.000000 -6.577977 -40.148463 -0.027906 0.232280 0.718092 -0.640168 -0.143440
20950.000000 9000.000000 -15.576693 -43.830922 -1.049774 0.216893 0.726606 -0.638733 -0.130464
20950.000000 8950.000000 -8.218908 -39.610214 -0.692194 0.236497 0.716638 -0.637060 -0.157015
20950.000000 9050.000000 -11.178413 -42.909055 -0.464268 0.227594 0.726027 -0.633544 -0.140382
21000.000000 1600.000000 -8.184374 -42.052767 -0.116947 0.373935 0.655935 -0.597569 -0.269876
21000.000000 1650.000000 -7.408553 -41.639542 -0.102386 0.361155 0.662002 -0.599290 -0.268647
21000.000000 1700.000000 -6.655037 -40.732715 0.013753 0.352398 0.669146 -0.600377 -0.260013
21000.000000 9050.000000 -3.272690 -39.347171 1.079610 0.380559 0.657455 -0.591932 -0.269341
21000.000000 9100.000000 -5.567834 -38.799869 0.243566 0.362803 0.662938 -0.603790 -0.253623
21000.000000 8950.000000 -10.063531 -42.570219 -0.864886 0.375934 0.652105 -0.592475 -0.287064
21050.000000 1650.000000 -9.672846 -42.914055 -0.291407 0.390119 0.657840 -0.566143 -0.307466
21050.000000 1600.000000 -9.829919 -43.056218 -0.216181 0.406049 0.650840 -0.561770 -0.309752
21050.000000 1700.000000 -8.703557 -42.193816 -0.202734 0.386482 0.661680 -0.564768 -0.306347
21050.000000 9250.000000 -10.008409 -42.691508 -0.605550 0.388505 0.657535 -0.566463 -0.309567
21050.000000 9100.000000 -9.483298 -42.423030 -0.263587 0.399779 0.655326 -0.563544 -0.305192
21050.000000 9150.000000 -6.431913 -39.377208 -0.375210 0.377771 0.659889 -0.574021 -0.303869
21100.000000 1650.000000 -11.837451 -44.226128 -0.634803 0.349064 0.693895 -0.569589 -0.268763
21100.000000 1750.000000 -11.527376 -43.959838 -0.674972 0.350776 0.691248 -0.570375 -0.271671
21100.000000 1700.000000 -11.461732 -43.864507 -0.666938 0.345920 0.694915 -0.570047 -0.269220
21100.000000 9100.000000 -10.553129 -43.200016 -0.464933 0.356251 0.691365 -0.567745 -0.269751
21100.000000 9050.000000 -9.985897 -42.475929 -0.338894 0.353962 0.692359 -0.565954 -0.273944
21100.000000 9150.000000 -10.967066 -42.888874 -0.759511 0.342329 0.694716 -0.572133 -0.269898
21150.000000 1750.000000 -12.600442 -44.822180 -0.619521 0.323053 0.713743 -0.576841 -0.231216
21150.000000 1800.000000 -12.085462 -43.907250 -0.656526 0.319214 0.712191 -0.581536 -0.229571
21150.000000 1850.000000 -11.943914 -43.651662 -0.761671 0.314621 0.713376 -0.582519 -0.229739
21150.000000 9050.000000 -12.933519 -44.797486 -0.588201 0.324429 0.711213 -0.578221 -0.233626
21150.000000 9100.000000 -12.280197 -44.277635 -0.710279 0.324103 0.710557 -0.581531 -0.227791
21150.000000 9150.000000 -12.927459 -44.561986 -0.830564 0.314280 0.713987 -0.581239 -0.231541
21200.000000 1800.000000 -13.746057 -45.725839 -0.503993 0.322963 0.707649 -0.595210 -0.201624
21200.000000 1850.000000 -13.846818 -46.068398 -0.901781 0.321658 0.697196 -0.601017 -0.221885
21200.000000 1750.000000 -13.737016 -46.281870 -0.404752 0.329007 0.710206 -0.586550 -0.208138
21200.000000 9050.000000 -12.510061 -45.398540 -0.571829 0.330204 0.692586 -0.600691 -0.224635
21200.000000 9000.000000 -18.668900 -47.698608 -1.377061 0.330844 0.693790 -0.600426 -0.220651
21200.000000 9100.000000 -12.078180 -44.770788 -0.642812 0.327004 0.693721 -0.604752 -0.214697
21250.000000 1850.000000 -15.510139 -47.646279 -0.905277 0.356568 0.699452 -0.567148 -0.248936
21250.000000 1800.000000 -15.937121 -48.573907 -1.045114 0.366185 0.689704 -0.564214 -0.268103
21250.000000 1750.000000 -12.176260 -45.079101 -0.596685 0.352384 0.693310 -0.577025 -0.249379
21250.000000 9100.000000 -14.643802 -47.257017 -0.906033 0.361093 0.690975 -0.574768 -0.248610
21250.000000 9050.000000 -15.620444 -47.920361 -0.961198 0.360558 0.691854 -0.568955 -0.260051
21250.000000 9000.000000 -18.147664 -48.165972 -1.220720 0.361587 0.694272 -0.570839 -0.247758
21300.000000 1900.000000 -17.505172 -48.759255 -1.222312 0.405116 0.651878 -0.556909 -0.317472
21300.000000 1850.000000 -17.447359 -48.596231 -1.262868 0.392932 0.655469 -0.557795 -0.323774
21300.000000 1800.000000 -16.263043 -48.142966 -0.691588 0.401713 0.655390 -0.555360 -0.317280
21300.000000 9100.000000 -16.889063 -48.485426 -1.082280 0.401109 0.652098 -0.558404 -0.319475
21300.000000 9150.000000 -17.495723 -48.515174 -1.329165 0.383413 0.656395 -0.567163 -0.316964
21300.000000 9050.000000 -18.689565 -49.195530 -1.374241 0.393094 0.656518 -0.557214 -0.322450
21350.000000 1850.000000 -11.295699 -43.490812 1.275415 0.355354 0.661748 -0.597137 -0.281497
21350.000000 1800.000000 -15.017027 -43.492623 0.058377 0.341331 0.656496 -0.617507 -0.266816
21350.000000 1750.000000 -12.554827 -45.220207 -0.581890 0.351192 0.643400 -0.610165 -0.300665
21350.000000 9100.000000 -19.372144 -48.007286 -1.401434 0.333315 0.655676 -0.621698 -0.269226
21350.000000 9050.000000 -19.902720 -48.436703 -1.432508 0.325210 0.659602 -0.618740 -0.276270
21350.000000 9000.000000 -19.903475 -48.168607 -1.324036 0.340867 0.657085 -0.608384 -0.286213
21400.000000 1850.000000 -19.875402 -46.338021 -1.166866 0.294744 0.695530 -0.622487 -0.204632
21400.000000 1800.000000 -15.276120 -40.608645 0.234482 0.299075 0.692637 -0.627268 -0.193243
21400.000000 1750.000000 -13.522596 -45.583697 -0.653694 0.330728 0.672908 -0.619346 -0.232862
21400.000000 9000.000000 -22.635577 -48.628895 -1.803774 0.302086 0.690675 -0.620845 -0.215087
21400.000000 9050.000000 -21.672629 -48.265827 -1.582986 0.292565 0.695143 -0.622841 -0.207967
21400.000000 9100.000000 -21.877005 -48.373998 -1.718501 0.300844 0.691441 -0.624926 -0.202162
21450.000000 1800.000000 -21.591508 -43.037869 -1.057485 0.243628 0.705686 -0.644702 -0.164353
21450.000000 1850.000000 -23.312187 -46.735942 -1.680169 0.247713 0.708712 -0.635361 -0.180779
21450.000000 1750.000000 -22.514005 -44.851496 -1.734799 0.238436 0.703028 -0.647915 -0.170605
21450.000000 9000.000000 -22.875020 -47.362130 -1.694886 0.255219 0.705853 -0.633093 -0.189281
21450.000000 9050.000000 -23.841542 -48.071819 -1.834563 0.248283 0.708004 -0.634337 -0.186287
21450.000000 9100.000000 -24.086286 -48.027178 -2.026055 0.256963 0.703563 -0.636563 -0.183731
21500.000000 1800.000000 -24.460328 -43.357621 -2.492997 0.196974 0.711400 -0.659119 -0.143786
21500.000000 1850.000000 -25.378974 -45.496964 -2.120509 0.206392 0.719693 -0.647224 -0.143334
21500.000000 1750.000000 -15.840146 -46.716503 -0.850028 0.278082 0.704488 -0.616068 -0.216396
21500.000000 8900.000000 -25.782778 -47.669636 -2.162465 0.221767 0.720733 -0.637003 -0.159968
21500.000000 9000.000000 -24.082043 -47.389798 -1.919002 0.216364 0.717953 -0.644794 -0.148225
21500.000000 8950.000000 -25.274115 -47.244709 -2.058347 0.226332 0.716923 -0.635722 -0.175080
21550.000000 1850.000000 -27.649142 -45.902980 -2.222649 0.110492 0.741097 -0.658653 -0.068869
21550.000000 1800.000000 -26.587377 -43.761199 -1.881051 0.119394 0.735820 -0.663760 -0.061130
21550.000000 1750.000000 -26.815148 -45.357796 -1.996480 0.120335 0.737019 -0.661323 -0.070535
21550.000000 8900.000000 -26.702044 -46.689649 -2.200536 0.135581 0.742669 -0.647457 -0.104206
21550.000000 8950.000000 -26.864056 -45.050422 -2.027253 0.119080 0.741805 -0.654651 -0.083530
21550.000000 8850.000000 -27.958827 -47.043070 -2.549667 0.122010 0.737317 -0.659245 -0.082907
21600.000000 1800.000000 -31.133502 -43.740472 -2.355851 0.020430 0.744117 -0.667693 -0.007633
21600.000000 1850.000000 -29.621330 -45.072942 -2.391752 0.022242 0.747599 -0.663522 -0.018462
21600.000000 1750.000000 -30.111161 -47.346704 -2.748417 0.042748 0.742265 -0.667754 -0.036345
21600.000000 8850.000000 -29.141687 -46.435090 -2.649743 0.041309 0.746334 -0.663595 -0.030330
21600.000000 8900.000000 -28.869603 -46.324426 -2.452329 0.039619 0.749457 -0.660240 -0.028766
21600.000000 8800.000000 -29.818998 -46.739908 -2.819320 0.057350 0.751620 -0.655162 -0.050408
21650.000000 1850.000000 -30.716372 -48.021784 -2.955995 -0.047550 0.723915 -0.682836 0.086148
21650.000000 1800.000000 -32.433761 -47.520147 -3.246648 -0.034703 0.716863 -0.693609 0.061715
21650.000000 1750.000000 -41.369342 -43.224549 -8.076095 -0.003863 -0.650577 0.678474 -0.341186
21650.000000 8800.000000 -30.787621 -47.166188 -2.966918 -0.019864 0.735052 -0.675579 0.053825
21650.000000 8850.000000 -30.512761 -47.507913 -2.855357 -0.024155 0.729660 -0.681289 0.053462
21650.000000 8900.000000 -30.437754 -47.792645 -2.816333 -0.022481 0.732535 -0.677981 0.056831
21700.000000 8800.000000 -31.654386 -47.815434 -3.065868 -0.080688 0.715637 -0.679972 0.137810
21700.000000 8750.000000 -32.732650 -48.128099 -3.152810 -0.067628 0.715796 -0.683389 0.126658
21700.000000 8700.000000 -33.465411 -48.165176 -3.331481 -0.067358 0.714276 -0.684524 0.129226
21750.000000 8700.000000 -35.134125 -48.922505 -3.361387 -0.160764 0.684359 -0.679145 0.211114
21750.000000 8650.000000 -34.811959 -50.183787 -3.348709 -0.153104 0.691619 -0.675077 0.206141
21750.000000 8750.000000 -34.593941 -49.366253 -3.365854 -0.159896 0.684636 -0.681005 0.204790
21800.000000 9500.000000 -24.036814 -67.183785 -1.744114 0.718230 0.282330 -0.175488 -0.611260
21800.000000 8500.000000 -36.435254 -51.868545 -3.536459 -0.226987 0.681822 -0.649269 0.249092
21800.000000 8400.000000 -36.274439 -51.564202 -3.465618 -0.224777 0.686085 -0.648899 0.240191
21850.000000 8400.000000 -37.230395 -53.520483 -3.621248 -0.311514 0.642066 -0.625216 0.315935
21850.000000 8600.000000 -37.416934 -53.174691 -3.851130 -0.299345 0.637985 -0.634412 0.317632
21850.000000 8650.000000 -37.156513 -53.491668 -3.875711 -0.306254 0.640278 -0.625654 0.323743
21900.000000 8400.000000 -37.733142 -55.308388 -3.689156 -0.382103 0.610884 -0.592471 0.360272
21900.000000 8350.000000 -37.624617 -55.293467 -3.690080 -0.384378 0.611410 -0.591005 0.359368
21900.000000 8300.000000 -37.854626 -55.043676 -3.523556 -0.379794 0.613158 -0.587850 0.366369
21950.000000 8350.000000 -38.493180 -57.248463 -3.759378 -0.434969 0.568985 -0.566049 0.408223
21950.000000 8250.000000 -38.861420 -57.587788 -3.665272 -0.436735 0.565910 -0.562326 0.415691
21950.000000 8400.000000 -38.151610 -57.315307 -3.696195 -0.434828 0.567737 -0.562698 0.414693
22000.000000 8300.000000 -38.895556 -59.128933 -3.704230 0.473971 -0.531242 0.537025 -0.452480
22000.000000 8200.000000 -39.050506 -59.115611 -3.678597 0.468804 -0.537616 0.540387 -0.446288
22000.000000 8250.000000 -39.018329 -59.374848 -3.725397 0.479359 -0.529203 0.536940 -0.449282
22050.000000 8250.000000 -38.650860 -61.157112 -3.685227 0.544918 -0.485492 0.514559 -0.450101
22050.000000 8200.000000 -38.901341 -60.775499 -3.641522 0.534848 -0.496468 0.517454 -0.446876
22050.000000 8300.000000 -38.482107 -61.302621 -3.674540 0.544833 -0.483803 0.512844 -0.453963
22100.000000 8250.000000 -39.089584 -63.476695 -3.621765 0.603105 -0.390389 0.457228 -0.524217
22100.000000 8200.000000 -38.773957 -63.203371 -3.616789 0.590002 -0.402424 0.475154 -0.513985
22100.000000 9950.000000 -38.853626 -63.603027 -3.566837 0.595799 -0.399869 0.469722 -0.514286
22150.000000 9950.000000 -38.065523 -65.123174 -3.443846 0.624403 -0.354375 0.407251 -0.564523
22150.000000 8200.000000 -38.096313 -65.016914 -3.452499 0.618936 -0.354456 0.412233 -0.566870
22150.000000 9900.000000 -37.993057 -65.698520 -3.362531 0.626447 -0.350874 0.406896 -0.564701
22200.000000 9900.000000 -37.409733 -67.101350 -3.243577 0.663034 -0.294700 0.330636 -0.603505
22200.000000 9950.000000 -37.539826 -66.410200 -3.352739 0.659591 -0.299649 0.331661 -0.604278
22200.000000 8100.000000 -37.009228 -67.132967 -3.299527 0.663636 -0.293777 0.331972 -0.602558
22250.000000 9850.000000 -36.312648 -68.963561 -2.939343 0.718625 -0.188034 0.241190 -0.624538
22250.000000 9900.000000 -36.341523 -68.282039 -3.066529 0.716440 -0.188408 0.253307 -0.622134
22250.000000 9800.000000 -36.416392 -68.689379 -2.983938 0.711807 -0.192493 0.257734 -0.624380
22300.000000 9800.000000 -34.907188 -70.450987 -2.599841 0.733695 -0.098999 0.186911 -0.645721
22300.000000 9850.000000 -34.649358 -69.656067 -2.791261 0.734414 -0.101309 0.190351 -0.643536
22300.000000 8000.000000 -34.735082 -70.162104 -2.687989 0.739173 -0.101010 0.193312 -0.637221
22350.000000 9750.000000 -33.087631 -70.895319 -2.396851 0.770398 -0.038623 0.157245 -0.616660
22350.000000 9800.000000 -32.671276 -70.823855 -2.447226 0.765436 -0.014435 0.133516 -0.629343
22350.000000 8000.000000 -32.925876 -70.847663 -2.466835 0.771553 -0.015538 0.134600 -0.621569
22400.000000 9750.000000 -31.115341 -70.814038 -2.255703 0.755380 0.081914 0.032046 -0.649357
22400.000000 9700.000000 -31.173214 -71.301001 -2.219545 0.754515 0.068917 0.054654 -0.650362
22400.000000 9650.000000 -30.917337 -71.012212 -2.175156 0.756262 0.071366 0.047026 -0.648663
22450.000000 9650.000000 -29.148346 -71.540709 -1.755004 0.758341 0.166032 -0.032945 -0.629497
22450.000000 9700.000000 -28.959547 -70.961288 -1.947168 0.753254 0.178162 -0.051719 -0.631024
22450.000000 9600.000000 -27.578886 -69.484371 -1.825583 0.755083 0.180246 -0.057269 -0.627760
22500.000000 9650.000000 -27.223280 -69.890925 -1.706583 0.720960 0.279555 -0.152218 -0.615545
22500.000000 9600.000000 -26.571722 -69.562601 -1.687426 0.714522 0.287325 -0.164004 -0.616446
22500.000000 9500.000000 -26.779425 -70.174671 -1.619702 0.721797 0.271354 -0.149763 -0.618827
22550.000000 9500.000000 -25.066304 -69.283364 -1.440710 0.695563 0.346184 -0.214356 -0.591947
22550.000000 9550.000000 -25.327205 -69.675709 -1.352814 0.699346 0.338913 -0.192382 -0.599202
22550.000000 9600.000000 -25.912605 -68.311204 -1.627684 0.697629 0.356458 -0.216559 -0.582540
22600.000000 9550.000000 -25.081957 -66.918967 -1.549601 0.651956 0.413416 -0.255300 -0.582118
22600.000000 9500.000000 -24.152559 -67.454307 -1.379414 0.644559 0.420107 -0.274462 -0.576822
22600.000000 9400.000000 -24.005781 -68.616392 -0.820483 0.661506 0.408660 -0.249159 -0.577344
22650.000000 9500.000000 -24.851375 -65.128409 -1.628185 0.654149 0.422468 -0.301424 -0.550230
22650.000000 9400.000000 -22.581613 -67.298498 -0.483889 0.663871 0.421183 -0.284221 -0.548724
22650.000000 9450.000000 -22.332114 -68.510016 -0.539859 0.663197 0.412557 -0.275082 -0.560621
22700.000000 9400.000000 -24.331168 -64.309685 -1.632487 0.653627 0.409989 -0.290817 -0.565779
22700.000000 9450.000000 -23.773353 -64.368008 -1.537143 0.649204 0.413388 -0.291561 -0.568011
22700.000000 9350.000000 -24.631603 -64.176751 -1.544669 0.657199 0.417205 -0.288469 -0.557509
22750.000000 9350.000000 -23.540910 -62.436984 -1.575701 0.668286 0.460040 -0.283165 -0.511443
22750.000000 9400.000000 -23.382263 -62.405245 -1.587983 0.666236 0.458081 -0.292714 -0.510500
22750.000000 9450.000000 -23.511052 -62.168690 -1.588856 0.661513 0.466071 -0.291916 -0.509866
22800.000000 9350.000000 -22.535170 -60.512505 -1.498629 0.641931 0.497923 -0.315961 -0.490068
22800.000000 9300.000000 -22.575708 -60.482863 -1.450681 0.645665 0.498931 -0.306018 -0.490446
22800.000000 9400.000000 -23.034602 -59.934467 -1.670013 0.634399 0.504205 -0.330397 -0.483894
22850.000000 9300.000000 -21.230698 -57.985994 -1.293128 0.609785 0.542543 -0.366302 -0.446801
22850.000000 9350.000000 -22.391521 -58.075802 -1.579630 0.614998 0.530201 -0.354297 -0.463829
22850.000000 9250.000000 -21.988573 -58.286054 -1.470334 0.623617 0.522655 -0.344410 -0.468311
22900.000000 9200.000000 -21.315246 -56.324394 -1.386312 0.560429 0.598132 -0.393904 -0.415929
22900.000000 9250.000000 -21.372664 -56.709599 -1.406210 0.564165 0.595416 -0.392085 -0.416494
22900.000000 9300.000000 -22.578827 -56.413383 -1.662536 0.559503 0.600246 -0.394834 -0.413238
22950.000000 9200.000000 -21.562421 -54.731082 -1.485915 0.496281 0.638747 -0.452915 -0.374933
22950.000000 9150.000000 -21.690030 -54.362936 -1.516249 0.502339 0.636125 -0.447476 -0.377844
22950.000000 9100.000000 -22.012650 -53.988009 -1.592335 0.509826 0.636682 -0.442014 -0.373279
23000.000000 9150.000000 -22.621176 -52.935457 -1.758841 0.423432 0.680396 -0.515756 -0.302923
23000.000000 9100.000000 -21.862723 -52.525792 -1.573957 0.435568 0.677311 -0.510534 -0.301473
23000.000000 9050.000000 -22.510739 -52.442632 -1.710349 0.424867 0.680802 -0.514641 -0.301898
23050.000000 9050.000000 -22.323275 -50.462761 -1.674627 0.319583 0.719006 -0.562065 -0.254914
23050.000000 9100.000000 -23.248850 -51.394241 -1.919537 0.331173 0.716276 -0.562482 -0.246753
23050.000000 9150.000000 -23.506405 -51.383189 -1.916077 0.322926 0.718384 -0.563275 -0.249729
23100.000000 9000.000000 -24.146217 -49.390270 -2.021932 0.241907 0.749213 -0.599071 -0.145861
23100.000000 8950.000000 -24.394760 -49.359708 -1.947259 0.256290 0.746161 -0.588824 -0.175630
23100.000000 9050.000000 -24.363542 -50.038493 -2.019439 0.242412 0.749514 -0.595255 -0.158544
23150.000000 8900.000000 -25.712513 -47.156949 -2.044538 0.179500 0.760084 -0.617942 -0.090557
23150.000000 9000.000000 -24.549394 -48.988419 -2.121723 0.164689 0.754374 -0.631140 -0.073896
23150.000000 8950.000000 -25.805197 -48.067898 -2.211865 0.163491 0.758264 -0.627366 -0.068691
23200.000000 8900.000000 -27.496536 -47.567279 -2.427166 0.068974 0.773946 -0.629474 0.003597
23200.000000 8850.000000 -28.062807 -46.574040 -2.492107 0.072187 0.776739 -0.625655 -0.004696
23200.000000 9000.000000 -25.545381 -48.714372 -2.281727 0.076306 0.768068 -0.635655 -0.013839
23250.000000 8900.000000 -29.664623 -47.504562 -2.649194 -0.017110 0.782497 -0.618357 0.070995
23250.000000 8800.000000 -29.629489 -46.724962 -2.819525 0.022088 0.785777 -0.617544 0.026577
23250.000000 8850.000000 -29.223787 -46.465046 -2.692626 -0.013282 0.777591 -0.625583 0.061826
23300.000000 8800.000000 -31.286472 -47.095721 -2.991045 -0.111900 0.748363 -0.639409 0.136337
23300.000000 8700.000000 -32.662920 -46.939326 -3.192054 -0.102749 0.747981 -0.643214 0.127445
23300.000000 8600.000000 -32.109636 -47.803971 -3.077200 -0.101143 0.748248 -0.642129 0.132539
23350.000000 8700.000000 -33.748024 -47.697947 -3.397406 -0.186493 0.718620 -0.642137 0.190959
23350.000000 8600.000000 -33.641084 -48.277117 -3.274133 -0.175160 0.723818 -0.642047 0.182161
23350.000000 8650.000000 -33.723341 -48.235000 -3.363693 -0.177137 0.726853 -0.638969 0.178960
23400.000000 8600.000000 -34.789790 -49.587946 -3.419016 -0.219916 0.709728 -0.627299 0.233280
23400.000000 8500.000000 -35.128290 -49.721817 -3.399059 -0.220334 0.708407 -0.624277 0.244727
23400.000000 8700.000000 -35.667232 -48.396591 -3.500294 -0.247650 0.699057 -0.624270 0.245510
23450.000000 9550.000000 -24.306572 -67.126848 -1.728083 0.730441 0.370954 -0.219091 -0.529952
23450.000000 8500.000000 -35.873870 -51.068670 -3.521403 -0.294251 0.700601 -0.590452 0.271921
23450.000000 8600.000000 -35.915325 -51.416092 -3.579307 -0.304715 0.696645 -0.590952 0.269462
23500.000000 8400.000000 -36.873164 -53.017616 -3.616240 -0.350497 0.640348 -0.599689 0.327840
23500.000000 8500.000000 -36.879039 -53.014653 -3.693403 -0.349917 0.634258 -0.603240 0.333732
23500.000000 8550.000000 -36.778728 -53.117480 -3.682595 -0.354112 0.635741 -0.604791 0.323521
23550.000000 8400.000000 -37.332934 -54.891169 -3.708580 -0.379891 0.606763 -0.601255 0.354985
23550.000000 8350.000000 -37.575254 -54.886654 -3.716426 -0.381968 0.608167 -0.600704 0.351267
23550.000000 8600.000000 -37.690088 -54.692463 -3.970368 0.367233 -0.602926 0.613729 -0.353492
23600.000000 8350.000000 -37.890308 -56.846087 -3.754997 -0.418512 0.608514 -0.546041 0.395472
23600.000000 8400.000000 -37.634088 -56.965773 -3.723591 -0.418678 0.606503 -0.543413 0.401951
23600.000000 8300.000000 -37.870563 -56.415311 -3.617172 -0.411758 0.610119 -0.544784 0.401772
23650.000000 8250.000000 -38.476138 -58.721136 -3.717289 0.483764 -0.541098 0.541796 -0.423842
23650.000000 8300.000000 -38.332674 -58.592161 -3.684660 -0.477329 0.543306 -0.542333 0.427611
23650.000000 8200.000000 -38.413520 -58.345133 -3.655991 -0.470133 0.552715 -0.546655 0.417911
23700.000000 8250.000000 -38.547377 -60.831090 -3.704259 0.503841 -0.497619 0.533028 -0.463036
23700.000000 8200.000000 -38.515501 -60.500954 -3.659550 0.493578 -0.507321 0.536778 -0.459211
23700.000000 9950.000000 -38.615556 -61.058669 -3.608028 0.504799 -0.504102 0.528904 -0.459695
23750.000000 9950.000000 -38.303249 -63.002289 -3.532064 0.536168 -0.452248 0.484760 -0.522497
23750.000000 8250.000000 -38.248240 -62.942241 -3.602745 0.538321 -0.443911 0.486465 -0.525838
23750.000000 8200.000000 -38.101797 -62.760679 -3.544646 0.529296 -0.453935 0.490671 -0.522523
23800.000000 8100.000000 -37.186225 -64.895481 -3.390880 0.492735 -0.464844 0.533043 -0.506949
23800.000000 8150.000000 -37.084089 -64.920794 -3.441000 0.497982 -0.459502 0.527974 -0.511972
23800.000000 8550.000000 -35.230617 -64.423870 -2.975090 0.497121 -0.463109 0.532459 -0.504865
23850.000000 8550.000000 -34.815616 -66.252007 -2.945893 0.452487 -0.462464 0.572380 -0.503750
23850.000000 8600.000000 -34.748048 -68.046234 -2.958277 0.461226 -0.447892 0.566360 -0.515655
23850.000000 8650.000000 -35.657183 -66.389888 -3.299287 0.454521 -0.454455 0.569003 -0.512950
23900.000000 8550.000000 -32.910307 -68.732676 -2.709871 0.446054 -0.483746 0.559331 -0.504158
23900.000000 8600.000000 -33.124655 -69.250143 -2.583639 0.445999 -0.483782 0.554330 -0.509665
23900.000000 8650.000000 -34.145825 -67.776915 -2.828590 0.437753 -0.493653 0.555520 -0.506040
23950.000000 8550.000000 -31.799940 -69.527923 -2.521616 0.452821 -0.477420 0.546041 -0.518519
23950.000000 8600.000000 -30.987828 -70.791482 -2.242007 0.460320 -0.470315 0.539800 -0.524904
23950.000000 8650.000000 -32.241980 -68.441146 -2.652329 0.447999 -0.481731 0.543550 -0.521331
24000.000000 8350.000000 -35.211219 -71.930969 -2.426918 -0.535287 0.392777 -0.500567 0.555542
24000.000000 8250.000000 -33.253964 -71.022247 -2.263679 -0.526246 0.392090 -0.513611 0.552752
24000.000000 8550.000000 -28.236068 -69.127107 -1.840837 -0.528224 0.398528 -0.515942 0.544021
24050.000000 8250.000000 -30.004885 -68.523145 -2.008498 -0.560349 0.363412 -0.468865 0.578019
24050.000000 8350.000000 -29.220749 -68.129498 -2.133121 -0.561264 0.365121 -0.469412 0.575605
24050.000000 8150.000000 -29.265700 -67.584742 -2.230213 -0.561670 0.365415 -0.471557 0.573265
24100.000000 8350.000000 -31.050357 -68.629859 -1.622976 -0.557511 0.381593 -0.468632 0.569168
24100.000000 8250.000000 -29.950045 -68.196998 -1.844637 -0.547695 0.372015 -0.473156 0.581171
24100.000000 8150.000000 -27.352454 -66.638160 -1.961651 -0.549388 0.377817 -0.479138 0.570837
24150.000000 8250.000000 -27.374956 -66.436475 -1.665724 -0.498577 0.412498 -0.515969 0.561286
24150.000000 8450.000000 -31.374656 -60.539375 -2.458659 -0.500454 0.429699 -0.514083 0.548291
24150.000000 8400.000000 -23.487096 -65.700809 -1.401803 -0.514173 0.410543 -0.497457 0.565347
24200.000000 8450.000000 -25.281236 -65.721874 -1.322841 0.443385 -0.484939 0.560479 -0.504091
24200.000000 8350.000000 -23.449071 -66.678286 -1.663450 0.440287 -0.465308 0.570516 -0.513953
24200.000000 8550.000000 -25.295074 -64.193545 -1.663473 0.452884 -0.476912 0.561644 -0.502004
24250.000000 8450.000000 -34.023145 -56.027969 -1.107365 -0.356706 0.601408 -0.559239 0.445332
24250.000000 8400.000000 -20.770213 -65.788708 -0.996599 0.418355 -0.495175 0.580225 -0.493072
24250.000000 8600.000000 nan nan nan nan nan nan nan
24300.000000 8450.000000 nan nan nan nan nan nan nan
24300.000000 8400.000000 nan nan nan nan nan nan nan
24350.000000 8600.000000 nan nan nan nan nan nan nan
24350.000000 8550.000000 nan nan nan nan nan nan nan
24350.000000 8650.000000 nan nan nan nan nan nan nan
24950.000000 8450.000000 nan nan nan nan nan nan nan
25050.000000 8650.000000 nan nan nan nan nan nan nan
28300.000000 14950.000000 44.541748 -104.685182 28.682953 0.708631 -0.091090 0.150875 -0.683214
28350.000000 14900.000000 41.594436 -98.501579 26.753082 -0.684722 0.124525 -0.211069 0.686366
28400.000000 14350.000000 38.424603 -74.292348 20.780673 0.604268 -0.158801 0.557161 -0.547004
28400.000000 14900.000000 40.189370 -99.506005 27.015263 -0.674932 0.139449 -0.216507 0.691481
28400.000000 14400.000000 45.958271 -92.042400 27.969451 0.686822 -0.109948 0.215014 -0.685533
28450.000000 14500.000000 45.364149 -93.856964 28.134079 -0.665922 0.138319 -0.229979 0.696079
28450.000000 14450.000000 46.204005 -92.755253 28.305789 -0.667521 0.149241 -0.215683 0.696867
28450.000000 14550.000000 45.448490 -92.397319 28.085588 -0.663079 0.155711 -0.224364 0.696951
28500.000000 14550.000000 45.918801 -90.219043 28.092328 -0.660687 0.198450 -0.256964 0.676816
28500.000000 14500.000000 47.092839 -91.424956 28.603028 -0.663650 0.180487 -0.254335 0.679932
28500.000000 14600.000000 42.736332 -91.836032 28.442206 -0.662864 0.200220 -0.249150 0.677088
28550.000000 14600.000000 44.221301 -86.992573 28.797887 -0.646078 0.252841 -0.297112 0.656033
28550.000000 14650.000000 45.184440 -87.643887 30.386170 0.657310 -0.262741 0.270418 -0.652522
28550.000000 14500.000000 46.975471 -91.010197 28.903034 0.658885 -0.212877 0.295998 -0.657981
28600.000000 14600.000000 49.866919 -83.270438 27.836809 -0.636342 0.248107 -0.335119 0.649004
28600.000000 14650.000000 51.209047 -83.293565 28.292128 -0.645844 0.247619 -0.319061 0.647897
28600.000000 14450.000000 48.916945 -85.848228 27.696468 -0.643491 0.246720 -0.319759 0.650233
28650.000000 14600.000000 49.178899 -82.257173 28.724499 -0.619248 0.232781 -0.301715 0.686522
28650.000000 14650.000000 53.607836 -81.476113 28.706693 -0.629186 0.213358 -0.294303 0.687015
28650.000000 14700.000000 54.017391 -79.937393 28.520111 -0.618408 0.221072 -0.310727 0.687129
28700.000000 14650.000000 54.831600 -79.149970 28.484554 -0.638509 0.226386 -0.309396 0.667331
28700.000000 14700.000000 55.055411 -78.869092 28.490377 -0.634025 0.227565 -0.319054 0.666657
28700.000000 14600.000000 53.033112 -79.701075 28.003473 -0.629479 0.225982 -0.322455 0.669859
28750.000000 14650.000000 56.432382 -77.242465 28.617328 -0.656432 0.200961 -0.269060 0.675513
28750.000000 14700.000000 56.729921 -77.222293 28.683815 -0.654275 0.199106 -0.276978 0.674955
28750.000000 14500.000000 54.583563 -80.647705 28.706859 -0.662407 0.176312 -0.270482 0.675996
28800.000000 14700.000000 57.951488 -75.790845 28.746690 -0.651816 0.191884 -0.262983 0.684950
28800.000000 14650.000000 57.134969 -76.046462 28.477267 -0.652049 0.194832 -0.255872 0.686587
28800.000000 14850.000000 57.857546 -78.266288 28.467658 -0.657444 0.164191 -0.242757 0.694174
28850.000000 14700.000000 59.018773 -73.243349 28.599708 -0.652279 0.187227 -0.262190 0.686101
28850.000000 14650.000000 58.423185 -73.110017 28.427425 -0.653292 0.191230 -0.265010 0.682942
28850.000000 14800.000000 58.704954 -74.137173 28.607692 -0.658353 0.177608 -0.260074 0.683658
28900.000000 14850.000000 59.991705 -74.250983 28.353520 -0.666946 0.128861 -0.224604 0.698664
28900.000000 14700.000000 60.499587 -71.936705 28.679394 -0.670727 0.145928 -0.215971 0.694397
28900.000000 14750.000000 60.184900 -72.458151 28.596670 -0.670996 0.148690 -0.227987 0.689694
28950.000000 14700.000000 61.915582 -70.601407 28.384125 0.710516 -0.041357 0.092108 -0.696400
28950.000000 14900.000000 60.894488 -74.094531 28.340251 0.710274 -0.042087 0.098402 -0.695742
28950.000000 14850.000000 61.161037 -73.027265 28.227281 0.712871 -0.037478 0.111496 -0.691360
29000.000000 14950.000000 61.530492 -72.478319 28.740940 0.737061 0.043533 0.005381 -0.674401
29000.000000 14900.000000 61.221157 -69.998593 28.249460 0.727683 0.051174 0.016277 -0.683808
29000.000000 14700.000000 61.273368 -68.398960 28.090137 0.717636 0.021327 0.021656 -0.695755
29050.000000 15000.000000 61.752173 -73.022800 28.311884 0.702610 0.276873 -0.206252 -0.622207
29050.000000 15100.000000 61.201089 -70.253528 28.400153 0.699346 0.267479 -0.220129 -0.625230
29050.000000 15050.000000 61.225790 -68.623145 28.110725 0.694285 0.276753 -0.218422 -0.627430
29100.000000 14150.000000 nan nan nan nan nan nan nan
29100.000000 14300.000000 60.425787 -65.749821 28.946869 0.661065 0.477751 -0.363722 -0.449948
29100.000000 14100.000000 nan nan nan nan nan nan nan
29150.000000 14300.000000 59.778238 -66.188570 28.755334 0.598219 0.628486 -0.359668 -0.343189
29150.000000 14350.000000 59.255885 -65.944232 28.650343 0.612935 0.622549 -0.362090 -0.325013
29150.000000 14150.000000 nan nan nan nan nan nan nan
29200.000000 14100.000000 nan nan nan nan nan nan nan
29200.000000 14300.000000 58.107763 -66.808936 27.954653 0.572589 0.660024 -0.369815 -0.315829
29200.000000 14050.000000 nan nan nan nan nan nan nan
29250.000000 14050.000000 58.572705 -66.025692 27.699125 0.518814 0.672731 -0.412190 -0.329188
29250.000000 14100.000000 nan nan nan nan nan nan nan
29250.000000 14200.000000 nan nan nan nan nan nan nan
29300.000000 14050.000000 nan nan nan nan nan nan nan
29350.000000 14050.000000 56.797117 -66.438905 27.410308 0.470141 0.678128 -0.474473 -0.306571
29350.000000 14000.000000 nan nan nan nan nan nan nan
29400.000000 14000.000000 53.646437 -66.794559 26.648665 0.416114 0.709726 -0.518243 -0.233586
29400.000000 14050.000000 54.357498 -67.474792 26.910129 0.434430 0.702727 -0.500960 -0.257846
30000.000000 26800.000000 39.937213 -81.471496 20.981116 0.168843 0.737931 -0.645941 -0.098545
30000.000000 26850.000000 39.840118 -81.625680 20.909468 0.164324 0.737826 -0.646568 -0.102768
30000.000000 26900.000000 40.273525 -81.469557 20.985823 0.177143 0.732001 -0.649555 -0.104277
30050.000000 26900.000000 39.426290 -83.207710 20.876191 0.109084 0.737866 -0.661684 -0.076351
30050.000000 26850.000000 38.992240 -83.191607 20.798915 0.097018 0.743497 -0.657340 -0.075525
30050.000000 26800.000000 39.008638 -83.124208 20.828779 0.099293 0.742661 -0.658672 -0.068899
30100.000000 26900.000000 38.876954 -85.045993 20.987693 0.141864 0.707198 -0.689453 -0.066341
30100.000000 26950.000000 38.870780 -85.591273 20.836724 0.143063 0.714198 -0.680240 -0.082027
30100.000000 27000.000000 39.200711 -84.581191 20.822206 0.139405 0.707882 -0.688128 -0.077132
30150.000000 26950.000000 37.935806 -87.313621 20.756749 0.074214 0.737472 -0.669858 -0.043783
30150.000000 27000.000000 38.002728 -87.188726 20.769645 0.069223 0.729937 -0.678711 -0.041836
30150.000000 26900.000000 37.998102 -86.908942 20.909330 0.083119 0.725057 -0.682714 -0.035860
30200.000000 27000.000000 37.844150 -89.099146 20.790041 -0.026284 -0.671581 0.740364 -0.012224
30200.000000 27050.000000 37.726292 -89.232819 20.790385 -0.030675 -0.672356 0.739495 -0.011991
30200.000000 26950.000000 37.808181 -88.768438 20.702104 -0.039157 -0.671177 0.740262 -0.000107
30250.000000 27100.000000 37.417216 -90.178696 21.123814 0.014627 -0.639998 0.767860 -0.024077
30250.000000 27050.000000 37.538199 -90.666853 21.330245 0.005037 -0.645552 0.763396 -0.021546
30250.000000 27000.000000 37.546160 -88.797259 20.828427 0.010737 -0.633799 0.773055 -0.023864
30300.000000 27150.000000 37.357869 -91.039862 21.426160 0.037369 -0.628321 0.772420 -0.084757
30300.000000 27100.000000 37.468984 -91.556988 21.695053 0.043864 -0.624552 0.775098 -0.085053
30300.000000 27200.000000 37.404629 -90.552322 21.263577 0.031687 -0.628064 0.773594 -0.078008
30350.000000 27200.000000 37.392067 -92.571784 21.970829 0.027629 -0.645204 0.761000 -0.061867
30350.000000 27150.000000 37.428349 -92.160404 21.935195 0.029824 -0.645603 0.760685 -0.060538
30350.000000 27100.000000 37.459577 -92.243664 22.029322 0.037804 -0.639374 0.765319 -0.063709
30400.000000 27200.000000 37.361614 -93.851720 22.530486 0.025582 -0.653746 0.752510 -0.075434
30400.000000 27250.000000 37.324543 -93.677461 22.466714 0.034495 -0.645182 0.759596 -0.074596
30400.000000 27150.000000 37.442857 -93.287156 22.447269 0.019542 -0.654315 0.752528 -0.072052
30450.000000 27300.000000 37.393043 -94.824343 22.593060 0.055407 -0.602188 0.790789 -0.094619
30450.000000 27250.000000 37.469935 -95.397068 22.750673 0.062604 -0.593990 0.795935 -0.098713
30450.000000 27200.000000 37.868679 -92.992329 22.190497 0.043357 -0.605168 0.790658 -0.082172
30500.000000 27300.000000 37.467111 -96.455595 23.012492 0.057984 -0.611329 0.783132 -0.098077
30500.000000 27350.000000 37.508433 -97.011107 23.100973 0.053445 -0.612611 0.782474 -0.097908
30500.000000 27400.000000 37.477890 -97.128080 23.117671 0.070538 -0.604792 0.786520 -0.103134
30550.000000 27350.000000 37.607800 -97.754268 23.463530 0.077635 -0.619396 0.773753 -0.107826
30550.000000 27400.000000 37.581296 -98.470061 23.752471 0.109923 -0.611460 0.774788 -0.117201
30550.000000 27300.000000 37.528450 -97.213300 23.298084 0.085108 -0.613360 0.776624 -0.115764
30600.000000 27400.000000 37.668384 -99.178654 23.969675 0.125247 -0.598911 0.779098 -0.136474
30600.000000 27450.000000 37.657063 -99.534182 24.002202 0.118781 -0.601631 0.777270 -0.140648
30600.000000 27350.000000 37.479985 -98.982273 23.888817 0.116299 -0.607040 0.773860 -0.138270
30650.000000 27500.000000 37.777614 -100.834389 24.633438 0.130919 -0.594606 0.775472 -0.167173
30650.000000 27450.000000 37.894259 -100.813368 24.646630 0.128999 -0.596762 0.775001 -0.163119
30650.000000 27550.000000 37.657071 -100.966765 24.626233 0.135750 -0.593360 0.774631 -0.171589
30700.000000 27550.000000 38.030823 -102.287199 24.982827 0.149017 -0.601889 0.766893 -0.165525
30700.000000 27500.000000 38.043693 -101.905149 24.912893 0.142836 -0.605196 0.766473 -0.160793
30700.000000 27600.000000 37.938496 -101.809562 24.840556 0.143509 -0.606536 0.765140 -0.161493
30750.000000 27600.000000 38.625254 -103.642983 25.208890 0.173979 -0.585946 0.766763 -0.196147
30750.000000 27650.000000 38.576197 -103.193347 25.099710 0.174615 -0.582662 0.769696 -0.193862
30750.000000 27550.000000 38.584245 -103.558212 25.131752 0.169009 -0.582441 0.768916 -0.202402
30800.000000 27650.000000 39.123465 -104.669856 25.769078 0.183997 -0.578421 0.756226 -0.244329
30800.000000 27700.000000 38.855265 -104.174468 25.639083 0.175570 -0.586853 0.752840 -0.240854
30800.000000 27750.000000 38.995514 -105.160568 25.805788 0.187276 -0.577531 0.755554 -0.246016
30850.000000 27700.000000 39.726131 -105.774885 26.209423 0.211261 -0.580128 0.749989 -0.237354
30850.000000 27750.000000 39.575972 -105.595613 26.109280 0.213323 -0.576635 0.752104 -0.237330
30850.000000 27650.000000 39.469190 -105.360191 26.107517 0.219560 -0.573960 0.752228 -0.237731
30900.000000 27800.000000 40.226391 -106.619121 26.757976 0.280665 -0.562129 0.715380 -0.305728
30900.000000 27700.000000 40.187272 -106.521941 26.746355 0.273799 -0.566729 0.715737 -0.302611
30900.000000 27750.000000 40.359938 -106.628203 26.776649 0.271888 -0.563385 0.719959 -0.300555
30950.000000 27800.000000 41.374809 -107.593054 27.315235 0.294802 -0.539227 0.704652 -0.354671
30950.000000 27700.000000 41.417715 -107.374472 27.080643 0.278885 -0.543694 0.708860 -0.352332
30950.000000 27750.000000 41.207298 -107.720587 27.382339 0.289420 -0.540309 0.708020 -0.350727
31000.000000 27800.000000 41.489564 -109.131436 27.469419 0.310304 -0.540728 0.700292 -0.347730
31000.000000 27750.000000 42.610963 -108.581846 27.528672 0.284566 -0.548260 0.712414 -0.333016
31000.000000 27700.000000 41.187291 -108.674134 26.900047 0.295403 -0.540504 0.705129 -0.351262
31050.000000 27800.000000 43.565906 -109.626959 28.104704 0.232205 -0.571638 0.728533 -0.297575
31050.000000 27750.000000 43.297874 -109.321924 27.603893 0.215819 -0.569257 0.733963 -0.301109
31050.000000 27700.000000 43.522346 -108.689193 26.889510 0.193976 -0.571840 0.734569 -0.309485
31100.000000 27700.000000 43.503200 -109.823283 27.531784 0.177570 -0.621492 0.720282 -0.251815
31100.000000 27750.000000 39.925263 -107.621353 26.920141 0.214994 -0.608581 0.709444 -0.283010
31100.000000 27800.000000 43.096147 -109.889097 27.715859 0.193747 -0.616365 0.721194 -0.249869
31150.000000 27750.000000 39.248167 -107.228476 26.715090 0.257148 -0.640108 0.669934 -0.274453
31150.000000 27700.000000 39.145912 -105.521469 25.983267 0.202357 -0.649913 0.686379 -0.256025
31150.000000 27800.000000 42.335368 -110.309263 27.485341 0.222941 -0.650726 0.680749 -0.251860
31200.000000 27700.000000 39.427133 -105.575922 26.204749 -0.067054 0.722740 -0.674845 0.133171
31200.000000 27750.000000 40.292261 -107.452419 26.468876 0.117206 -0.688753 0.708570 -0.099049
31200.000000 27800.000000 39.640826 -105.281545 26.932749 -0.090564 0.716341 -0.684119 0.103127
38000.000000 8000.000000 -38.057911 -91.440320 -3.119598 0.714703 0.039363 0.117819 -0.688308
38000.000000 9700.000000 -37.729262 -101.168369 -2.013491 0.714594 0.041828 0.128783 -0.686310
38000.000000 8050.000000 -61.547346 -85.079901 -5.408970 0.679710 -0.145249 0.266535 -0.667724
38050.000000 8000.000000 -35.862435 -81.872082 -2.395446 0.720719 0.039819 0.069585 -0.688575
38050.000000 9700.000000 -40.656422 -99.399504 -2.831107 0.712768 0.009905 0.087669 -0.695829
38050.000000 8050.000000 -35.838374 -105.377632 -2.580275 0.711592 0.057908 0.032308 -0.699457
38100.000000 8000.000000 -37.495956 -96.455289 -2.618859 0.715436 0.083614 0.069019 -0.690215
38100.000000 9750.000000 -38.693658 -102.588778 -2.892453 0.709519 0.077126 0.070278 -0.696918
38100.000000 9700.000000 -42.602280 -101.901978 -3.185267 0.710574 0.033878 0.105314 -0.694871
38150.000000 8000.000000 -36.702698 -95.842132 -1.969984 0.725789 0.050562 0.065594 -0.682914
38150.000000 9750.000000 -35.781060 -87.161462 -2.883377 0.715708 0.041777 0.079825 -0.692564
38150.000000 9700.000000 -40.547525 -96.686617 -2.995889 0.718172 0.003160 0.108872 -0.687289
38200.000000 8000.000000 -35.611667 -86.866788 -2.360969 0.727778 0.047613 0.028923 -0.683546
38200.000000 9700.000000 -40.949008 -98.792511 -2.908359 0.722550 0.005075 0.072514 -0.687486
38200.000000 9750.000000 -36.440624 -89.952328 -2.827946 0.720425 0.038985 0.048795 -0.690715
38250.000000 9700.000000 -41.486002 -96.368305 -2.790853 0.708402 0.045229 0.092278 -0.698288
38250.000000 9750.000000 -36.493672 -86.186679 -2.915482 -0.702284 -0.085062 -0.064712 0.703828
38250.000000 9000.000000 -27.869406 -82.318523 -0.340064 0.706388 0.207752 -0.017238 -0.676430
38300.000000 8000.000000 -36.858348 -76.755919 -2.824655 0.716944 0.063841 0.048215 -0.692526
38300.000000 9100.000000 -32.988335 -87.022323 -1.223579 0.721719 0.141721 -0.014619 -0.677365
38300.000000 9150.000000 -33.675061 -89.479423 -1.418963 0.719361 0.121440 -0.012990 -0.683816
38350.000000 9700.000000 -41.784873 -95.140561 -2.919114 0.713252 0.063530 0.056342 -0.695745
38350.000000 9100.000000 -32.393374 -85.308320 -1.231579 0.721677 0.165063 -0.018848 -0.671998
38350.000000 8000.000000 -35.398241 -80.603118 -2.541025 0.717703 0.110196 0.012464 -0.687462
38400.000000 8000.000000 -37.285010 -77.556690 -3.279341 0.738927 0.081993 0.082137 -0.663715
38400.000000 9700.000000 -40.706829 -90.735617 -3.009071 0.736813 0.051234 0.083191 -0.669000
38400.000000 9750.000000 -37.706046 -84.653867 -3.167421 0.731823 0.069438 0.071366 -0.674181
38450.000000 9700.000000 -41.308524 -88.198370 -3.395282 0.721079 0.045405 0.082854 -0.686381
38450.000000 8000.000000 -37.462853 -79.267143 -2.981776 0.729664 0.084756 0.066754 -0.675241
38450.000000 9750.000000 -37.572902 -82.890531 -3.148613 0.720167 0.072460 0.062580 -0.687163
38500.000000 9700.000000 -40.000180 -83.742196 -3.134363 -0.704339 -0.040404 -0.078100 0.704397
38500.000000 8000.000000 -38.292104 -84.547727 -2.954848 0.707787 0.082459 0.039036 -0.700510
38500.000000 9750.000000 -37.784520 -80.151854 -3.255718 -0.698719 -0.053796 -0.064633 0.710436
38550.000000 9700.000000 -40.817013 -83.985354 -3.133920 0.713775 0.069972 0.061096 -0.694188
38550.000000 8000.000000 -39.624802 -84.802022 -3.254908 0.714025 0.108559 0.030248 -0.690991
38550.000000 9250.000000 -35.647263 -81.638628 -2.361579 0.727004 0.087871 0.023083 -0.680596
38600.000000 9700.000000 -42.886255 -83.431373 -3.295479 0.707410 0.055724 0.063241 -0.701759
38600.000000 9200.000000 -34.514566 -77.144691 -2.132477 0.719194 0.111736 0.002096 -0.685763
38600.000000 9250.000000 -34.602117 -77.654148 -2.385528 0.719855 0.100407 0.001263 -0.686823
38650.000000 9700.000000 -42.334382 -79.810097 -3.156882 0.725682 0.036197 0.054993 -0.684874
38650.000000 8000.000000 -42.205329 -81.711411 -2.935995 0.732301 0.074585 0.032165 -0.676120
38650.000000 9750.000000 -40.722533 -79.751023 -3.217477 0.723560 0.074687 0.028818 -0.685604
38700.000000 9700.000000 -38.260374 -80.810280 -2.698445 0.717779 0.094772 0.034625 -0.688921
38700.000000 9600.000000 -30.683122 -71.539294 -2.307019 0.711669 0.079920 0.027651 -0.697406
38700.000000 9350.000000 -36.419386 -75.872727 -2.870530 0.723374 0.103184 -0.014124 -0.682557
38750.000000 9700.000000 -39.515902 -75.244426 -3.506487 -0.702897 -0.053436 -0.020336 0.708990
38750.000000 9600.000000 -31.038188 -70.438109 -2.331285 -0.705325 -0.059124 -0.016409 0.706223
38750.000000 9400.000000 -36.785917 -72.477270 -2.622821 0.717616 0.080899 -0.011637 -0.691626
38800.000000 9700.000000 -38.839820 -77.938001 -3.821732 0.715354 0.137352 -0.008577 -0.685077
38800.000000 9600.000000 -30.871301 -70.065546 -2.354578 0.721980 0.109850 -0.000568 -0.683138
38800.000000 9400.000000 -38.265022 -71.068438 -2.646809 0.735556 0.124826 -0.011637 -0.665763
38850.000000 9700.000000 -39.133578 -73.286885 -3.625921 -0.695405 -0.100262 -0.009463 0.711527
38850.000000 9600.000000 -31.553145 -69.488310 -2.543880 -0.697061 -0.092350 -0.000486 0.711040
38850.000000 9650.000000 -39.384027 -70.616349 -4.015486 -0.692372 -0.090133 0.013484 0.715762
38900.000000 9700.000000 -38.493895 -70.492107 -3.573282 -0.688366 -0.103757 -0.003149 0.717898
38900.000000 9600.000000 -32.965542 -68.346338 -2.762737 -0.689735 -0.086692 0.005325 0.718833
38900.000000 9650.000000 -39.639835 -68.024912 -4.048818 -0.684807 -0.082350 0.018480 0.723821
38950.000000 9700.000000 -38.646417 -68.430488 -3.661689 -0.691710 -0.108480 -0.025623 0.713522
38950.000000 9600.000000 -31.609904 -67.906821 -2.589476 -0.692966 -0.083389 -0.026049 0.715658
38950.000000 9650.000000 -39.357334 -66.076566 -3.620334 -0.694754 -0.097378 -0.023084 0.712251
39000.000000 9700.000000 -38.479381 -66.688659 -3.361081 -0.702965 -0.062087 -0.068993 0.705142
39000.000000 9600.000000 -30.663704 -67.818386 -2.131142 0.703051 0.063700 0.102079 -0.700887
39000.000000 9650.000000 -38.597154 -64.510080 -3.535788 -0.702279 -0.054236 -0.050208 0.708054
39050.000000 9700.000000 -39.713681 -63.144693 -3.401585 -0.701063 -0.042126 -0.028460 0.711285
39050.000000 9600.000000 -29.927251 -68.131597 -2.355978 -0.694559 -0.031220 -0.036259 0.717843
39050.000000 9650.000000 -39.421040 -61.791129 -3.365610 -0.699183 -0.049615 -0.031905 0.712505
39100.000000 9700.000000 -38.479849 -63.058868 -3.416983 -0.699262 -0.041870 -0.032725 0.712887
39100.000000 9600.000000 -28.106015 -73.200986 -1.406710 0.712399 0.019077 0.000268 -0.701515
39100.000000 9650.000000 -38.509864 -61.344510 -3.185508 -0.697414 -0.022727 -0.060605 0.713740
39150.000000 9700.000000 -35.263654 -66.078984 -2.822195 0.708533 0.008292 0.103182 -0.698044
39150.000000 8000.000000 nan nan nan nan nan nan nan
39150.000000 9750.000000 -32.569640 -67.487333 -2.259477 0.718549 0.066296 -0.057302 -0.689933
39200.000000 9700.000000 -36.985211 -59.200684 -3.718979 -0.683941 0.025153 -0.112366 0.720393
39200.000000 8000.000000 nan nan nan nan nan nan nan
39200.000000 9750.000000 -34.334849 -80.963059 -2.254217 -0.695974 -0.025727 -0.062498 0.714879
39250.000000 9700.000000 -46.574814 -56.374144 -4.270275 -0.693912 0.045034 -0.140462 0.704790
39250.000000 8000.000000 -32.026926 -55.081016 -2.958654 -0.700857 -0.079550 -0.044431 0.707458
39250.000000 9750.000000 -35.219718 -73.253565 -1.538554 0.725736 -0.047132 -0.003694 -0.686347
39300.000000 9700.000000 -31.868460 -69.506816 -2.394052 -0.699770 -0.016248 -0.071402 0.710605
39300.000000 8000.000000 nan nan nan nan nan nan nan
39300.000000 9750.000000 -36.907295 -72.824964 -2.540856 -0.700204 -0.011558 -0.042762 0.712567
39350.000000 9700.000000 -31.541848 -72.752692 -2.145524 0.712423 0.052296 0.045162 -0.698341
39350.000000 8000.000000 nan nan nan nan nan nan nan
39350.000000 9750.000000 -36.294741 -63.604236 -2.657851 0.710709 0.066266 0.044803 -0.698923
39400.000000 9700.000000 -32.875341 -70.973898 -2.294975 0.712253 0.031832 0.033261 -0.700411
39400.000000 8000.000000 nan nan nan nan nan nan nan
39400.000000 9750.000000 -49.207549 -28.946581 -2.393489 0.362278 -0.610086 0.704577 0.011012
39450.000000 9700.000000 -31.122919 -70.035883 -2.269279 0.714160 0.041706 0.049610 -0.696976
39450.000000 8000.000000 nan nan nan nan nan nan nan
39450.000000 9750.000000 nan nan nan nan nan nan nan
39500.000000 9700.000000 -31.269940 -64.557028 -2.563481 -0.644908 0.124992 0.096839 0.747725
39500.000000 9750.000000 -33.646492 -69.873030 -2.188485 0.719606 0.064392 0.026611 -0.690879
39500.000000 8000.000000 nan nan nan nan nan nan nan
39550.000000 9700.000000 nan nan nan nan nan nan nan
39550.000000 8000.000000 -29.006440 -72.258419 6.634239 0.624376 -0.413265 -0.441380 -0.494520
39550.000000 9750.000000 -33.993778 -63.322260 -2.633123 0.707012 0.034415 -0.022102 -0.706017
39600.000000 9700.000000 nan nan nan nan nan nan nan
39600.000000 8000.000000 nan nan nan nan nan nan nan
39600.000000 9750.000000 -36.360397 -63.543985 -1.892319 0.718767 -0.003057 0.037572 -0.694229
39650.000000 9700.000000 -30.277051 -72.489974 -1.503294 0.719719 0.063719 0.033815 -0.690508
39650.000000 8000.000000 nan nan nan nan nan nan nan
39650.000000 9750.000000 -34.196442 -61.077101 -2.868877 0.710961 0.096128 0.015293 -0.696463
39700.000000 9700.000000 -48.515266 71.407513 -7.511511 0.686522 0.000119 0.175802 0.705536
39700.000000 8000.000000 nan nan nan nan nan nan nan
39700.000000 9750.000000 nan nan nan nan nan nan nan
39750.000000 9700.000000 -28.895263 100.483822 -0.133481 0.727491 -0.096156 0.038169 0.678273
39750.000000 9750.000000 -34.399389 -65.647940 -2.136682 0.708436 0.102018 0.053754 -0.696291
39750.000000 8000.000000 nan nan nan nan nan nan nan
39800.000000 9750.000000 -34.378819 -60.722085 -2.576676 0.707324 0.063282 0.028464 -0.703475
39800.000000 9700.000000 nan nan nan nan nan nan nan
39800.000000 8000.000000 nan nan nan nan nan nan nan
39850.000000 9700.000000 nan nan nan nan nan nan nan
39850.000000 9750.000000 nan nan nan nan nan nan nan
39850.000000 8000.000000 nan nan nan nan nan nan nan
39900.000000 9750.000000 nan nan nan nan nan nan nan
39900.000000 9700.000000 nan nan nan nan nan nan nan
39900.000000 8000.000000 nan nan nan nan nan nan nan
39950.000000 8000.000000 nan nan nan nan nan nan nan
39950.000000 9700.000000 -37.191871 53.927527 -0.405953 0.729913 -0.017271 0.090846 0.677257
39950.000000 9650.000000 nan nan nan nan nan nan nan
42000.000000 41950.000000 -2.517742 14.299009 -0.721396 0.067155 0.716123 -0.692510 -0.055575
42000.000000 41900.000000 -2.701541 15.069748 -0.749958 0.058025 0.711825 -0.698847 -0.039377
42000.000000 41850.000000 -1.551335 20.619428 -0.211621 0.068873 0.721864 -0.686732 -0.050676
42050.000000 41950.000000 -3.161337 12.182711 -0.793112 0.071973 0.713058 -0.696529 -0.034873
42050.000000 41900.000000 -3.691780 13.970177 -0.528634 0.060059 0.716466 -0.694898 -0.013601
42050.000000 41850.000000 -0.453062 19.276374 -0.585756 0.090955 0.713902 -0.692066 -0.055819
42100.000000 41950.000000 -3.790594 9.660751 -0.787531 -0.011798 0.709075 -0.704678 0.022428
42100.000000 41850.000000 -3.572953 11.075434 -0.658482 -0.010242 0.712826 -0.700791 0.025830
42100.000000 41900.000000 -3.948185 10.063160 -0.757230 -0.019147 0.707477 -0.705625 0.034682
42150.000000 41850.000000 -3.111835 11.326430 -0.653576 -0.052448 0.713755 -0.694298 0.075848
42150.000000 41950.000000 -3.504807 9.047951 -0.779140 -0.049547 0.709750 -0.699007 0.072036
42150.000000 41750.000000 -3.616550 10.120183 -1.061177 0.033267 -0.702555 0.708801 -0.053944
42200.000000 41800.000000 -3.173250 8.965754 -0.807684 0.129580 -0.684540 0.700990 -0.152407
42200.000000 41750.000000 -4.199375 9.447886 -0.498518 0.111777 -0.686002 0.708417 -0.122689
42200.000000 41950.000000 -1.737613 14.363510 -0.448217 -0.060509 0.707842 -0.689542 0.140818
42250.000000 41800.000000 -1.778631 6.487053 -1.271653 0.165008 -0.662620 0.697022 -0.218785
42250.000000 41750.000000 nan nan nan nan nan nan nan
42250.000000 41950.000000 nan nan nan nan nan nan nan
42350.000000 41700.000000 nan nan nan nan nan nan nan
42350.000000 41800.000000 nan nan nan nan nan nan nan
