4000.000000 40850.000000 -51.851753 33.582750 -5.303742 0.705839 -0.154406 0.254839 -0.642656
4000.000000 40800.000000 -104.643755 13.038693 31.866635 0.881270 -0.052539 0.371812 -0.286981
4000.000000 40750.000000 -35.773082 21.148651 -4.606793 0.731738 0.035714 0.081691 -0.675730
4050.000000 40850.000000 -45.766432 16.625278 1.267510 0.773687 -0.024005 0.152151 -0.614559
4050.000000 40900.000000 -26.203110 35.288934 -15.074127 -0.537446 -0.111065 -0.092302 0.830841
4050.000000 40800.000000 -43.308590 17.090681 -0.606383 0.759152 0.003444 0.159503 -0.631058
4100.000000 40850.000000 -47.528786 21.519647 -0.641204 0.769216 -0.048415 0.218499 -0.598516
4100.000000 40800.000000 -48.330120 33.776589 -5.154942 0.682182 -0.168934 0.227048 -0.674195
4100.000000 40900.000000 -30.833002 33.495024 -6.185653 -0.685351 -0.039691 -0.106825 0.719241
4150.000000 40850.000000 -41.571763 22.593772 -1.551652 0.753452 -0.070776 0.133277 -0.639951
4150.000000 40900.000000 -26.027332 38.895974 -13.088742 -0.552546 -0.062515 -0.091890 0.826039
4150.000000 40750.000000 -33.387353 24.105352 -2.317406 0.752650 -0.001805 0.088645 -0.652424
4200.000000 40900.000000 -20.079571 52.079002 -9.668444 -0.284719 -0.082758 -0.076639 0.951952
4200.000000 40850.000000 -36.290367 30.967927 -4.391366 0.718101 -0.105910 0.189576 -0.661192
4200.000000 40950.000000 -29.126289 35.944343 -5.299180 -0.695763 0.063305 -0.154404 0.698617
4250.000000 40950.000000 -28.306243 37.313864 -5.312384 -0.668680 0.117132 -0.192263 0.708648
4250.000000 40900.000000 -38.689436 25.321749 -1.604468 0.721366 -0.164007 0.191815 -0.644934
4250.000000 40850.000000 -33.618211 32.313918 -4.346751 0.697899 -0.140625 0.215524 -0.668365
4300.000000 41000.000000 -28.866637 37.934458 -5.244789 0.671377 -0.172688 0.295061 -0.657549
4300.000000 40950.000000 -68.067487 11.288235 8.697788 0.779909 -0.234462 0.302547 -0.495211
4300.000000 40900.000000 -32.784581 32.341916 -4.522842 0.697698 -0.172512 0.281802 -0.635645
4350.000000 41000.000000 -9.082065 44.364312 -8.931890 -0.399350 -0.001077 0.154825 0.903630
4350.000000 41050.000000 -24.441073 36.105150 -5.488235 -0.633857 0.232298 -0.335145 0.657223
4350.000000 40950.000000 -32.193931 35.054715 -4.206519 0.651512 -0.298554 0.363800 -0.595019
4400.000000 41050.000000 -21.719346 36.168488 -4.338111 -0.616689 0.273525 -0.373232 0.636849
4400.000000 41100.000000 -24.231320 33.588677 -4.371417 0.629316 -0.275766 0.375982 -0.621733
4400.000000 41000.000000 -32.465713 39.821793 -4.137467 0.581486 -0.396037 0.456994 -0.544229
4450.000000 41100.000000 -22.028337 34.899651 -3.914110 0.598206 -0.373539 0.403486 -0.582938
4450.000000 41050.000000 -4.409660 35.608582 -9.605978 -0.497565 0.112038 0.029321 0.859661
4450.000000 41150.000000 -22.640027 39.377063 -4.322784 -0.544691 0.425020 -0.434252 0.578009
4500.000000 41200.000000 -21.872801 36.764336 -4.039095 -0.507401 0.448897 -0.494035 0.544946
4500.000000 41150.000000 -20.303846 39.343945 -3.655289 -0.498582 0.468039 -0.515639 0.516209
4500.000000 41250.000000 -24.020557 38.885281 -3.964600 0.508496 -0.470063 0.522176 -0.497800
4550.000000 41250.000000 -22.649126 42.452421 -3.513881 0.400532 -0.572413 0.596798 -0.394653
4550.000000 41200.000000 -21.506732 42.174528 -3.927297 0.396719 -0.565645 0.616133 -0.378205
4550.000000 41300.000000 -22.935662 44.095635 -3.226779 0.385560 -0.590136 0.602339 -0.374527
4600.000000 41250.000000 -19.130895 40.341074 -3.416681 0.382877 -0.584639 0.624360 -0.348965
4600.000000 41300.000000 -20.110564 42.212506 -3.132075 0.374250 -0.596389 0.624896 -0.337287
4600.000000 41200.000000 -19.514336 38.901067 -3.367077 0.408820 -0.562957 0.605592 -0.386270
4650.000000 41250.000000 -17.015221 38.912514 -2.856129 0.354813 -0.614177 0.630932 -0.314355
4650.000000 41300.000000 -16.759555 40.096149 -3.349115 0.327479 -0.617387 0.643760 -0.311711
4650.000000 41350.000000 -17.814457 40.586274 -2.904580 0.350143 -0.612424 0.633506 -0.317816
4700.000000 41350.000000 -15.414787 39.255509 -2.450354 0.342242 -0.619478 0.634806 -0.310062
4700.000000 41300.000000 -16.046943 38.781025 -2.626041 0.349588 -0.607255 0.623089 -0.347547
4700.000000 41400.000000 -16.177355 38.278089 -2.811633 0.346978 -0.609620 0.617896 -0.355210
4750.000000 41350.000000 -13.640740 37.196660 -2.207837 0.354683 -0.594180 0.643437 -0.327321
4750.000000 41400.000000 -13.723152 37.173254 -2.991770 0.323109 -0.598243 0.648101 -0.343031
4750.000000 41450.000000 -15.022373 37.109535 -2.293555 0.360284 -0.588249 0.629905 -0.356901
4800.000000 41400.000000 -12.050547 35.557284 -1.995723 0.355458 -0.600118 0.623550 -0.353118
4800.000000 41450.000000 -13.332221 37.402240 -1.668924 0.355576 -0.603361 0.630583 -0.334495
4800.000000 41350.000000 -12.173455 36.049925 -1.888679 0.362192 -0.590624 0.626580 -0.356900
4850.000000 41450.000000 -10.401401 34.911808 -1.435469 0.384237 -0.596170 0.626910 -0.322377
4850.000000 41500.000000 -11.953223 35.066033 -1.606562 0.387284 -0.589268 0.610593 -0.360485
4850.000000 41400.000000 -11.042895 35.755253 -1.335740 0.374693 -0.608133 0.621844 -0.321074
4900.000000 41500.000000 -8.742963 33.035505 -1.074696 -0.368760 0.615003 -0.606579 0.343293
4900.000000 41450.000000 -8.919633 33.317598 -1.121675 0.379885 -0.607314 0.607703 -0.342862
4900.000000 41550.000000 -10.442020 33.886918 -1.022298 -0.379529 0.612203 -0.596816 0.353519
4950.000000 41550.000000 -5.482269 42.407618 2.862069 -0.301281 0.728855 -0.610943 0.068915
4950.000000 41500.000000 -6.727410 31.644096 -0.998897 -0.376277 0.612417 -0.609072 0.335249
4950.000000 41600.000000 -26.247933 616.777225 1341.764167 -0.488123 0.859051 -0.154097 -0.004617
5000.000000 41600.000000 -3.153788 38.468221 2.029675 -0.272322 0.722590 -0.620448 0.136927
5000.000000 41550.000000 -4.914438 30.742510 -0.832722 -0.345219 0.624517 -0.619448 0.327241
5000.000000 41650.000000 -1402.512895 -327.717350 4487.739266 -0.494783 0.828574 -0.023964 0.260922
5050.000000 41650.000000 38.260575 51.045158 47.509633 -0.491913 0.836751 -0.057075 -0.233692
5050.000000 41600.000000 -4.053254 30.288738 -0.212420 -0.341157 0.637365 -0.622745 0.299276
5050.000000 41550.000000 -3.784652 29.791630 -0.564533 0.351568 -0.625006 0.627754 -0.302809
5100.000000 41650.000000 -1.842784 28.529162 -0.319121 0.235291 -0.659307 0.666608 -0.256097
5100.000000 41700.000000 -0.621800 25.722634 -0.962612 0.248269 -0.629958 0.668631 -0.307324
5100.000000 41600.000000 -1.524909 28.186658 -0.408957 0.232987 -0.659975 0.666199 -0.257544
5150.000000 41700.000000 0.959496 29.004645 2.456691 -0.116909 0.772335 -0.623706 -0.028657
5150.000000 41750.000000 0.050194 24.212256 -0.948865 0.136424 -0.677169 0.704628 -0.162266
5150.000000 41650.000000 -0.443573 25.552857 -0.494430 -0.139835 0.691878 -0.691444 0.153804
5200.000000 41750.000000 2.981430 29.042955 3.739761 0.036084 0.781990 -0.611277 -0.116319
5200.000000 41800.000000 -0.163902 21.252857 -1.093974 -0.031666 -0.694539 0.717657 -0.039763
5200.000000 41850.000000 -0.528834 20.894286 -1.920643 -0.065845 -0.661824 0.740582 -0.095875
5250.000000 41800.000000 -0.214908 19.726496 -0.546591 0.035890 0.718510 -0.693503 -0.038847
5250.000000 41850.000000 -1.246620 22.047667 -4.151128 -0.210728 -0.581276 0.749397 -0.236891
5250.000000 41750.000000 0.093740 23.230382 1.100715 0.013620 0.757484 -0.645516 -0.096653
5300.000000 41850.000000 -0.489692 19.246746 -0.101085 0.049110 0.724338 -0.683692 -0.074083
5300.000000 41900.000000 -1.180608 16.660832 -1.601459 -0.144898 -0.666441 0.731043 0.020919
5300.000000 41800.000000 -0.508147 18.898618 -0.628748 0.087480 0.710752 -0.696492 -0.045580
5350.000000 41900.000000 -1.248977 15.556118 -0.246130 0.027068 0.741607 -0.660205 -0.115823
5350.000000 41950.000000 -1.520721 14.854281 -1.321238 -0.135110 -0.699694 0.699743 0.050342
5350.000000 41850.000000 -1.499313 18.826170 -0.083420 0.017136 0.734623 -0.678167 -0.011148
5400.000000 41950.000000 -5.854768 10.754388 -1.056532 -0.040037 -0.687156 0.724496 -0.036321
5400.000000 41900.000000 -2.199715 13.689239 -0.899085 -0.144148 -0.675402 0.720705 0.060311
5400.000000 41850.000000 -1.160441 17.323834 -0.265786 -0.146180 -0.691040 0.704604 0.068033
5450.000000 41950.000000 -2.898651 11.829355 -3.089441 -0.174901 -0.632866 0.753479 -0.034050
5450.000000 41900.000000 -2.612766 11.880148 -0.968634 0.123065 0.712760 -0.689481 -0.038009
5450.000000 41850.000000 53.874505 -2.211288 46.501137 0.150704 0.892810 -0.032533 -0.423227
5500.000000 41950.000000 -2.970534 10.686369 -0.981156 -0.022900 -0.701557 0.711511 -0.032334
5500.000000 41850.000000 -2.866856 10.045792 -1.316506 -0.023146 -0.695753 0.717498 -0.024252
5500.000000 41800.000000 -2.673646 9.338597 -1.259828 -0.020338 -0.699902 0.713716 -0.018282
5550.000000 41750.000000 0.090059 3.097803 -1.943969 0.112433 -0.643790 0.720287 -0.232550
5550.000000 41800.000000 -2.011106 10.854577 -0.816376 0.138951 -0.669863 0.702644 -0.195621
5550.000000 41850.000000 -3.048773 13.650593 -0.459829 0.167295 -0.674420 0.693268 -0.191180
5600.000000 41700.000000 nan nan nan nan nan nan nan
5850.000000 41800.000000 -0.839974 17.424976 -0.732962 0.113126 -0.690610 0.704155 -0.120113
5850.000000 41750.000000 2.031656 -0.642754 0.523109 -0.043933 0.702447 -0.694015 0.151598
5850.000000 41950.000000 -0.888634 12.448838 -0.302590 -0.076027 0.714505 -0.690882 0.079908
5900.000000 41800.000000 -0.040654 15.887887 -0.309399 -0.022932 0.722454 -0.690406 -0.029563
5900.000000 41950.000000 -6.825925 0.704928 -0.807461 -0.015890 -0.652579 0.751494 -0.095626
5900.000000 41900.000000 -0.710703 15.631777 -1.175938 0.004837 0.709354 -0.704814 -0.005542
5950.000000 41850.000000 -0.388267 13.928380 -0.481053 -0.093861 -0.700890 0.706284 0.033267
5950.000000 41800.000000 -1.712451 21.518329 1.507342 0.309374 0.698081 -0.571586 -0.300433
5950.000000 41950.000000 -1.835432 12.179136 -0.552026 -0.097204 -0.700982 0.705275 0.041985
6000.000000 600.000000 1.028968 -6.092320 0.233053 0.094302 0.716855 -0.689298 -0.045767
6000.000000 650.000000 2.872170 -5.900780 1.269393 0.106929 0.713705 -0.689101 -0.065811
6000.000000 700.000000 3.100309 -6.533290 0.445544 0.122001 0.717640 -0.679727 -0.089884
6000.000000 8900.000000 -4.684711 -18.490309 -0.534019 0.138571 0.711752 -0.682596 -0.090940
6000.000000 8800.000000 10.420989 -57.301977 -60.972862 -0.136864 -0.335493 0.642970 0.674761
6000.000000 9000.000000 -11.937596 -3.277356 0.232030 0.078823 0.713186 -0.696400 0.013405
6050.000000 650.000000 2.822959 -7.471962 0.009822 0.107362 0.709808 -0.694531 -0.047669
6050.000000 700.000000 2.557451 -7.843187 0.053779 0.106189 0.714428 -0.690091 -0.045729
6050.000000 750.000000 2.777753 -7.770694 -1.619140 -0.097381 -0.696322 0.709670 0.044955
6050.000000 8850.000000 119.812842 -59.375753 13.846953 0.458216 0.618181 -0.540208 -0.340683
6050.000000 9000.000000 -32.123410 -1.129682 -0.558096 -0.048046 0.707374 -0.681264 0.182191
6050.000000 8950.000000 -8.503000 -4.744904 0.903579 0.077639 0.724767 -0.684606 0.000642
6100.000000 750.000000 2.169226 -9.490011 0.008082 0.116345 0.714943 -0.686263 -0.066049
6100.000000 700.000000 2.133810 -8.945672 -0.641301 0.130776 0.707756 -0.693013 -0.041366
6100.000000 650.000000 2.524421 -8.100933 0.537889 0.107106 0.726645 -0.675849 -0.061179
6100.000000 8850.000000 11.697517 -10.811872 4.004483 0.181040 0.736687 -0.638932 -0.127603
6100.000000 8950.000000 -0.454901 -5.028400 2.286557 0.126366 0.729056 -0.670989 -0.047785
6100.000000 9000.000000 -151.354567 166.996907 38.632550 -0.114623 0.718315 -0.541889 0.421001
6150.000000 800.000000 1.441088 -11.139767 -0.096080 0.134606 0.709487 -0.687718 -0.074521
6150.000000 750.000000 1.865378 -10.713476 -2.419324 -0.138017 -0.684734 0.711751 0.074169
6150.000000 850.000000 0.507329 -12.995796 -0.577256 -0.125725 -0.696008 0.703957 0.064884
6150.000000 8850.000000 31.387792 -40.128933 11.109166 0.355465 0.714935 -0.528392 -0.288640
6150.000000 8950.000000 -1.832326 -4.975103 0.741513 0.136323 0.722531 -0.675709 -0.052737
6150.000000 9000.000000 -85.300945 4.280447 -6.549322 -0.215349 0.636211 -0.584360 0.455394
6200.000000 800.000000 0.617354 -13.298790 0.223172 0.086064 0.739756 -0.665425 -0.050630
6200.000000 850.000000 0.630051 -13.422896 -0.089289 0.092664 0.726982 -0.678482 -0.050712
6200.000000 750.000000 0.782838 -12.083828 0.461604 0.063337 0.743562 -0.665142 -0.026279
6200.000000 8950.000000 -7.623980 -10.090715 -0.000776 0.065351 0.740505 -0.668531 -0.021179
6200.000000 8800.000000 116.500057 -49.887205 17.056302 0.457768 0.660274 -0.438655 -0.402577
6200.000000 8900.000000 -7.857246 -25.925426 -4.485256 0.076203 0.717982 -0.686789 -0.083759
6250.000000 850.000000 0.239491 -15.054664 -0.201732 0.115885 0.710927 -0.691593 -0.053412
6250.000000 900.000000 0.050659 -15.867783 0.105072 0.121022 0.721449 -0.678746 -0.064565
6250.000000 950.000000 0.065204 -16.175794 -0.156909 0.128373 0.714425 -0.685768 -0.053289
6250.000000 8850.000000 -22.007433 -17.927263 -3.930490 0.064403 0.713784 -0.697180 0.017439
6250.000000 9000.000000 -128.352675 27.487572 -13.871494 -0.326681 0.574812 -0.559922 0.499357
6250.000000 8800.000000 23.353139 -4.753632 4.013843 0.210714 0.728607 -0.633590 -0.152627
6300.000000 950.000000 -0.326795 -18.344481 -0.133023 0.105783 0.710624 -0.693755 -0.050277
6300.000000 1000.000000 -0.576254 -19.201983 -0.486232 0.080780 0.707841 -0.700214 -0.046216
6300.000000 900.000000 -0.510728 -17.384341 0.543787 0.071551 0.727101 -0.681951 -0.033876
6300.000000 8800.000000 33.395500 -20.777396 6.222270 0.244974 0.728955 -0.596866 -0.228832
6300.000000 8850.000000 16.872356 -6.332655 0.829216 0.122771 0.731566 -0.661399 -0.110857
6300.000000 8900.000000 -2.769704 -17.052503 -1.610525 0.076151 0.713958 -0.695424 -0.029141
6350.000000 1000.000000 -1.027333 -20.638557 -0.094128 0.114797 0.720470 -0.681661 -0.055523
6350.000000 950.000000 -0.996146 -19.955384 -0.797614 0.109599 0.702377 -0.701900 -0.044613
6350.000000 1050.000000 -0.941338 -21.595184 -0.444533 0.125441 0.703779 -0.695233 -0.074907
6350.000000 8850.000000 -18.795001 -30.323467 -1.932788 0.045620 0.712639 -0.699549 0.026373
6350.000000 8800.000000 49.438476 -25.076494 5.904163 0.322410 0.692711 -0.583345 -0.275521
6350.000000 8950.000000 -28.394084 -7.436146 -1.336799 -0.042838 0.721992 -0.684482 0.091528
6400.000000 1050.000000 -1.437655 -22.893294 0.359771 0.113858 0.715121 -0.685618 -0.074609
6400.000000 1100.000000 -1.547609 -23.368281 -0.161350 0.125485 0.710308 -0.688038 -0.079500
6400.000000 1000.000000 -3.423576 -19.618226 -0.374081 0.056806 0.707933 -0.703929 -0.009424
6400.000000 8850.000000 111.013406 -63.883257 13.292509 0.403059 0.647899 -0.545701 -0.346383
6400.000000 8800.000000 71.773821 -47.351775 12.264263 0.443996 0.649068 -0.483875 -0.383984
6400.000000 8950.000000 4.396122 -21.297853 1.199063 0.145721 0.716155 -0.677496 -0.082986
6450.000000 1100.000000 -2.201285 -24.472292 -1.064285 -0.092384 -0.687302 0.719834 0.030346
6450.000000 1150.000000 -2.179367 -25.465628 -0.063974 0.143147 0.723010 -0.672895 -0.063069
6450.000000 1050.000000 -3.818460 -22.587179 -0.227229 0.070298 0.718395 -0.692074 -0.000879
6450.000000 8800.000000 40.161760 -45.037779 8.832811 0.399972 0.686122 -0.503138 -0.340751
6450.000000 8850.000000 -8.380694 -24.395407 -1.211444 0.084793 0.718212 -0.690230 -0.023764
6450.000000 8950.000000 -16.110755 -15.015310 -0.855408 0.031601 0.723110 -0.689326 0.030716
6500.000000 1150.000000 -2.415820 -26.115491 -0.774787 -0.097042 -0.677232 0.728145 0.041767
6500.000000 1100.000000 -3.141141 -24.953906 -0.312866 -0.077702 -0.697865 0.711999 -0.002116
6500.000000 1200.000000 -2.726212 -26.633177 -0.519055 -0.090504 -0.690760 0.716343 0.038895
6500.000000 8800.000000 26.230570 -26.488648 3.362605 0.241893 0.700911 -0.638446 -0.206394
6500.000000 8850.000000 -5.510603 -20.732272 -3.091656 -0.100333 -0.686943 0.719568 0.016281
6500.000000 8950.000000 -20.880551 -76.737504 -0.673209 0.542675 0.525821 -0.409211 -0.511432
6550.000000 1200.000000 -2.947872 -27.804512 -0.260865 0.081482 0.707572 -0.701313 -0.029385
6550.000000 1150.000000 -2.898678 -27.836153 -0.370624 -0.083635 -0.702944 0.705606 0.031533
6550.000000 1250.000000 -3.209824 -28.542412 -0.348655 0.085735 0.708087 -0.700546 -0.022317
6550.000000 8800.000000 5.705402 -25.134627 1.581263 0.141436 0.735151 -0.653299 -0.112914
6550.000000 8850.000000 -5.169748 -23.575634 -0.400788 0.067030 0.718521 -0.692241 -0.006128
6550.000000 8950.000000 -26.971777 -52.415090 -2.146826 -0.167850 0.581934 0.533430 0.590450
6600.000000 1250.000000 -3.261808 -29.914933 0.040858 0.097525 0.737635 -0.667917 -0.016435
6600.000000 1300.000000 -3.498308 -30.919863 -0.168439 0.115312 0.730086 -0.673332 -0.017388
6600.000000 1200.000000 -3.245977 -29.849698 -0.211012 0.106730 0.725780 -0.679433 -0.014947
6600.000000 8950.000000 -15.798539 -39.585247 -1.846588 0.132255 0.730508 -0.666703 -0.066142
6600.000000 8800.000000 19.141095 -26.683861 1.366469 0.283580 0.710897 -0.620895 -0.169402
6650.000000 1300.000000 -3.566094 -32.063082 -3.695553 -0.126323 -0.619892 0.773745 0.033079
6650.000000 1250.000000 -4.039581 -30.596321 0.019531 0.119460 0.720781 -0.682293 -0.026092
6650.000000 1350.000000 -3.842843 -32.405765 -0.592444 0.117435 0.714814 -0.687320 -0.053312
6650.000000 8800.000000 1.202731 -32.467587 -0.146068 0.270579 0.696498 -0.648123 -0.147015
6650.000000 8950.000000 -9.460240 -26.309912 -1.140169 0.082646 0.734163 -0.672673 -0.041045
6650.000000 8850.000000 -21.623745 -27.706319 -1.380592 0.055118 0.734109 -0.676585 0.016707
6700.000000 1350.000000 -4.574320 -34.336382 0.076740 0.137118 0.722917 -0.675226 -0.051561
6700.000000 1300.000000 -5.046785 -32.555963 -0.046477 0.112041 0.710215 -0.694481 -0.027137
6700.000000 1400.000000 -4.092743 -33.137324 -1.799940 -0.118318 -0.685777 0.716601 0.046835
6700.000000 8800.000000 59.408695 -49.553588 10.525234 0.444065 0.660536 -0.475332 -0.374911
6700.000000 8950.000000 -11.637795 -26.483291 -0.801920 0.094240 0.726349 -0.680424 -0.023647
6700.000000 8850.000000 -19.201991 -28.481817 -2.016821 0.074525 0.720316 -0.689209 0.024144
6750.000000 1400.000000 -4.694678 -34.812290 -1.131894 0.101963 0.710682 -0.694761 -0.042924
6750.000000 1450.000000 -5.198226 -36.381172 -0.791853 0.101703 0.707959 -0.694529 -0.077976
6750.000000 1350.000000 -4.987680 -35.837985 0.188090 0.097744 0.742336 -0.659636 -0.065294
6750.000000 8950.000000 5.878893 -15.849143 1.555955 0.109964 0.755883 -0.633144 -0.125213
6750.000000 8800.000000 15.622158 -17.409605 0.700496 0.212812 0.728052 -0.630449 -0.164881
6750.000000 8850.000000 -8.825972 -36.020572 -0.532269 0.026933 0.751788 -0.643499 -0.141419
6800.000000 1450.000000 -5.340649 -37.299791 0.280226 0.105367 0.727714 -0.671024 -0.095168
6800.000000 1500.000000 -5.757363 -38.192699 -1.411244 -0.112407 -0.687346 0.713097 0.080075
6800.000000 1400.000000 -5.080573 -34.829075 2.515826 0.072489 0.794367 -0.602658 -0.023027
6800.000000 8800.000000 45.913789 -43.086407 5.815814 0.411787 0.654546 -0.529085 -0.349384
6800.000000 8950.000000 -4.146692 -18.757093 1.715574 0.110879 0.736757 -0.663717 -0.066139
6800.000000 8850.000000 -11.343167 -35.159674 -0.526423 0.084109 0.724593 -0.682518 -0.045377
6850.000000 1500.000000 -4.349086 -36.085435 -1.667543 -0.142916 -0.695129 0.695804 0.110582
6850.000000 1450.000000 -1.716045 -40.914536 -0.094161 -0.264361 -0.677573 0.686270 -0.006461
6850.000000 1550.000000 -6.826520 -39.878151 1.374801 0.137845 0.752378 -0.638810 -0.082750
6850.000000 8850.000000 1.446700 -57.705679 6.810669 0.348830 0.724331 -0.536124 -0.257359
6850.000000 8950.000000 -16.704089 -30.643165 -0.472069 0.085987 0.730044 -0.676538 -0.044020
6850.000000 8800.000000 -22.206510 -33.323924 -3.402691 0.117457 0.712165 -0.691355 -0.032436
6900.000000 1550.000000 -7.516972 -42.860804 -0.328337 0.239662 0.690096 -0.655083 -0.192864
6900.000000 1500.000000 -7.656641 -42.639017 -0.509827 -0.168477 -0.675038 0.707379 0.124714
6900.000000 1600.000000 -6.945877 -41.901240 -0.163858 0.241862 0.698952 -0.633152 -0.228227
6900.000000 8950.000000 -11.358829 -35.239966 -0.883213 0.188508 0.706254 -0.669773 -0.130667
6900.000000 8850.000000 -16.092937 -35.055952 -1.217761 0.170682 0.711920 -0.671722 -0.113257
6900.000000 9000.000000 -62.950039 -24.153539 -5.533891 -0.285969 0.621700 -0.614230 0.392980
6950.000000 1600.000000 -11.928869 -45.226790 -1.694190 -0.183514 -0.661148 0.678154 0.263275
6950.000000 1550.000000 -6.478597 -41.096800 -3.582846 -0.372242 -0.613864 0.664404 0.207783
6950.000000 1650.000000 -10.360942 -43.502327 -0.304942 0.300676 0.676660 -0.624140 -0.249349
6950.000000 8950.000000 -25.469279 -28.884259 -0.683903 0.190190 0.713650 -0.663401 -0.120128
6950.000000 9000.000000 -60.984390 222.660407 107.191222 0.151263 0.821962 -0.516051 0.187588
6950.000000 9050.000000 -23.714634 -18.768649 0.528163 0.114228 0.728172 -0.675504 -0.020280
7000.000000 1650.000000 -38.918608 214.747975 752.311015 0.463900 0.830043 -0.280147 0.131695
7000.000000 1600.000000 -8.613360 -43.330891 -1.329335 -0.369957 -0.611241 0.616353 0.331096
7000.000000 1700.000000 -4.453516 -37.957143 2.837639 0.355280 0.675146 -0.608610 -0.218057
7000.000000 9100.000000 -8.725099 -56.876344 -6.761277 -0.427421 -0.535201 0.566183 0.458595
7000.000000 9150.000000 -8.576340 -54.706308 -4.402891 0.427849 0.573401 -0.559841 -0.418012
7000.000000 9200.000000 -25.297359 -63.846294 -19.137796 -0.312189 -0.292857 0.578202 0.694590
7050.000000 1700.000000 4.421360 -30.624229 13.480518 0.465580 0.665208 -0.574440 -0.103691
7050.000000 1650.000000 -13.233744 -45.380128 -0.015585 0.348719 0.654280 -0.558933 -0.371358
7050.000000 1750.000000 -11.156684 -43.926797 -1.056479 0.334187 0.663610 -0.594353 -0.307709
7050.000000 9050.000000 -27.031434 -27.430879 0.340078 0.170914 0.741861 -0.640268 -0.102413
7050.000000 9100.000000 -9.606132 -53.923245 0.188119 0.438936 0.623397 -0.527958 -0.374130
7050.000000 9150.000000 -16.512708 -50.026131 -2.366119 0.359179 0.648340 -0.572141 -0.351142
7100.000000 1750.000000 -9.026806 -42.599709 6.216335 0.319953 0.791532 -0.478055 -0.206323
7100.000000 1800.000000 -10.676023 -43.538628 -1.072922 0.286624 0.683275 -0.619518 -0.259191
7100.000000 1700.000000 -14.651454 -46.206527 -0.200327 0.290146 0.695957 -0.609162 -0.245726
7100.000000 9000.000000 -34.205366 2.786445 13.888295 0.118448 0.800847 -0.575805 0.114289
7100.000000 9050.000000 -31.256604 -26.432501 -2.652344 0.031730 0.730760 -0.681425 -0.025358
7100.000000 8950.000000 -16.350241 -41.328201 -1.384016 0.265040 0.696788 -0.621131 -0.241737
7150.000000 1800.000000 -18.153704 -50.692777 -1.912547 -0.237903 -0.657908 0.665128 0.261084
7150.000000 1750.000000 -18.155595 -49.593068 -3.516075 -0.204942 -0.594086 0.773792 0.079413
7150.000000 1850.000000 -20.041912 -51.779606 -2.143831 -0.235014 -0.656643 0.669655 0.255246
7150.000000 8850.000000 26.103219 -57.509912 3.938103 0.395260 0.647137 -0.519928 -0.393265
7150.000000 8950.000000 -17.787294 -39.339118 -1.828412 0.159885 0.708611 -0.664265 -0.176238
7150.000000 8800.000000 -26.121443 -46.953217 -2.429235 0.197490 0.712617 -0.648498 -0.180624
7200.000000 1800.000000 -17.652780 -50.987918 -3.511129 -0.253636 -0.609597 0.719836 0.214235
7200.000000 1850.000000 -16.627835 -49.619158 -1.257998 0.212240 0.694162 -0.657263 -0.202727
7200.000000 1750.000000 -12.145314 -77.336681 -12.850854 -0.334157 -0.535078 0.515783 0.579654
7200.000000 8850.000000 19.515917 -54.875984 2.177007 0.474373 0.603896 -0.547988 -0.331646
7200.000000 8950.000000 -45.714987 -28.848653 -0.788165 -0.047631 0.729719 -0.665829 0.148034
7200.000000 8900.000000 -39.488595 -32.336529 -4.626833 -0.011748 0.716159 -0.697736 0.011933
7250.000000 1850.000000 -16.474743 -50.513746 -9.633226 -0.207737 -0.551686 0.779899 0.210348
7250.000000 1800.000000 -89.683778 -14.924823 -3.867009 -0.380409 0.646204 -0.590860 0.297648
7250.000000 1750.000000 -10.322850 -70.799563 -7.924647 0.313126 0.617993 -0.566642 -0.446043
7250.000000 8850.000000 -52.659963 -72.728677 1.003658 0.572481 0.568256 -0.427044 -0.408637
7250.000000 8950.000000 -23.139874 -37.114414 -1.925310 0.111917 0.722337 -0.674869 -0.101272
7250.000000 8900.000000 -26.617244 -56.564148 -3.086625 0.411921 0.643932 -0.513840 -0.389412
7300.000000 1850.000000 -18.924105 -51.947044 -2.153262 -0.159032 -0.684542 0.702622 0.111510
7300.000000 1800.000000 -7.943925 -69.048377 -1.286119 0.319223 0.652880 -0.616367 -0.303210
7300.000000 1750.000000 -20.131396 -50.839207 -1.696492 -0.176019 -0.668114 0.720767 0.056008
7300.000000 8800.000000 -18.227998 -44.123547 -1.866389 0.237495 0.692624 -0.652298 -0.195897
7300.000000 8850.000000 -22.392473 -48.276439 -1.861185 0.160370 0.703029 -0.682463 -0.119483
7300.000000 8950.000000 -24.350866 -46.260028 -2.169492 -0.180416 -0.692864 0.692876 0.085515
7350.000000 1800.000000 -9.012996 -71.859111 -6.777785 0.283157 0.649325 -0.605841 -0.362154
7350.000000 1850.000000 -17.250032 -51.023714 -1.416349 0.106329 0.744752 -0.645152 -0.133480
7350.000000 1750.000000 nan nan nan nan nan nan nan
7350.000000 8950.000000 -24.017609 -47.228419 -2.087564 0.122105 0.723535 -0.675573 -0.072037
7350.000000 8850.000000 -20.956281 -46.363226 -2.183728 0.165635 0.721142 -0.663750 -0.109343
7350.000000 8800.000000 -0.960879 -41.979380 1.859351 0.269878 0.731873 -0.506062 -0.368006
7400.000000 1800.000000 nan nan nan nan nan nan nan
7400.000000 1850.000000 -14.224190 -47.329251 -0.753405 0.129803 0.706062 -0.693506 -0.060642
7400.000000 1750.000000 -19.258476 -57.510351 -1.808219 0.169462 0.692783 -0.691602 -0.114108
7400.000000 8800.000000 -31.178860 -72.108068 -2.579707 0.492970 0.580358 -0.483261 -0.432001
7400.000000 8950.000000 -23.964716 -48.594634 -1.911789 0.104485 0.726370 -0.674473 -0.080960
7400.000000 8850.000000 -22.238314 -50.607377 -1.713161 0.155048 0.714896 -0.673902 -0.103637
7450.000000 1800.000000 -43.418790 -118.498537 19.910049 0.111142 0.806155 0.555900 0.169520
7450.000000 1750.000000 -16.358042 -53.971612 -1.531875 0.139226 0.745850 -0.644692 -0.093250
7450.000000 1850.000000 nan nan nan nan nan nan nan
7450.000000 8800.000000 -40.562126 -20.678108 -49.689582 -0.089560 -0.442076 0.782599 -0.429053
7450.000000 8900.000000 -23.967192 -50.422581 -1.955250 0.136484 0.751955 -0.640828 -0.072631
7450.000000 8950.000000 -24.132655 -49.542681 -1.885491 0.122903 0.767836 -0.620398 -0.102126
7500.000000 1800.000000 nan nan nan nan nan nan nan
7500.000000 1750.000000 nan nan nan nan nan nan nan
7500.000000 1850.000000 -10.131311 -66.710015 -5.459723 0.285145 0.647641 -0.633709 -0.312516
7500.000000 8950.000000 -24.385668 -49.858262 -2.017521 0.172186 0.716799 -0.668551 -0.097934
7500.000000 8900.000000 -22.726821 -50.741366 -1.788957 0.159602 0.719199 -0.670050 -0.091171
7500.000000 8800.000000 -27.604666 -48.218058 -2.506722 0.181871 0.725775 -0.651529 -0.125236
7550.000000 1800.000000 -35.789069 -89.231299 18.776864 0.841798 0.414128 -0.278123 -0.206205
7550.000000 1850.000000 -16.298177 -70.916952 -3.325118 0.331616 0.624663 -0.618887 -0.341769
7550.000000 1600.000000 -8.398291 -42.435243 0.020337 0.168829 0.720140 -0.630710 -0.234735
7550.000000 8850.000000 -14.954207 -45.211418 -3.962581 -0.505227 -0.541576 0.666955 0.081317
7550.000000 8800.000000 -29.782127 -50.640971 -2.315923 0.212097 0.708023 -0.668097 -0.085823
7550.000000 8950.000000 -20.556110 -50.598792 -1.614656 -0.238293 -0.670571 0.678011 0.183990
7600.000000 1850.000000 87.408163 152.497180 -69.483234 0.018339 0.708512 -0.676859 -0.198840
7600.000000 1800.000000 -36.624399 -46.147811 -1.091164 0.065847 0.736658 -0.671919 -0.039036
7600.000000 1600.000000 -14.558958 -56.983829 5.532504 0.780725 0.450005 -0.270472 -0.338834
7600.000000 9050.000000 -30.235150 -66.542680 9.127519 0.769049 0.512348 -0.354421 -0.143000
7600.000000 8950.000000 -21.489434 -59.401824 -5.541388 -0.318451 -0.590546 0.633508 0.385373
7600.000000 9000.000000 -30.753960 -42.613497 -2.470435 0.069111 0.709716 -0.700568 -0.027050
7650.000000 1850.000000 -22.379411 -65.372453 -1.496672 0.492470 0.569555 -0.503520 -0.423731
7650.000000 1800.000000 -21.333813 -59.664368 0.008013 0.430676 0.633799 -0.552496 -0.327971
7650.000000 1700.000000 -19.048285 -61.189287 -3.409037 -0.446733 -0.547137 0.563901 0.427887
7650.000000 9100.000000 -20.967298 -62.184710 -0.508238 0.460403 0.604587 -0.540189 -0.361523
7650.000000 9050.000000 -22.410919 -49.245247 -0.906924 0.322885 0.672625 -0.628283 -0.220414
7650.000000 9150.000000 -28.273816 -64.191887 -10.128409 -0.327106 -0.482002 0.613163 0.533580
7700.000000 1850.000000 -21.060740 -64.698139 -0.720624 0.564458 0.519631 -0.449017 -0.457990
7700.000000 1800.000000 -22.934582 -58.917179 -0.152638 0.495883 0.596842 -0.491012 -0.395962
7700.000000 1700.000000 -24.267951 -60.700494 -2.181729 0.514640 0.528794 -0.464855 -0.489318
7700.000000 9150.000000 -29.076072 -66.760634 -9.843622 -0.449726 -0.374106 0.516606 0.625227
7700.000000 9500.000000 -24.688579 -64.879124 -1.836006 0.547065 0.517402 -0.446900 -0.483007
7700.000000 9250.000000 -26.177722 -63.843333 -7.921349 -0.447158 -0.451985 0.532002 0.559226
7750.000000 1900.000000 -23.583926 -62.560021 -1.626120 0.632909 0.470718 -0.374676 -0.487308
7750.000000 1700.000000 nan nan nan nan nan nan nan
7750.000000 1650.000000 nan nan nan nan nan nan nan
7750.000000 9550.000000 -26.205052 -66.278501 -2.039188 0.646831 0.436451 -0.344646 -0.521861
7750.000000 9500.000000 -25.967952 -66.123873 -2.202681 0.644430 0.430536 -0.363586 -0.516870
7750.000000 9600.000000 -25.656174 -66.492931 -2.061312 0.636675 0.449685 -0.351420 -0.518587
7800.000000 1900.000000 -26.414846 -68.459333 -1.552677 0.691555 0.308429 -0.209738 -0.618574
7800.000000 1950.000000 -30.882285 -72.153910 -2.328220 0.691863 0.270398 -0.201435 -0.638463
7800.000000 1700.000000 -23.056489 -65.759009 -0.727356 0.665811 0.376418 -0.249884 -0.593771
7800.000000 9500.000000 -26.521982 -64.000350 -2.270780 0.708555 0.121412 -0.532611 -0.446693
7800.000000 9450.000000 -27.987377 -48.034041 7.342819 0.536201 0.709313 -0.332455 -0.314384
7800.000000 9400.000000 46.780376 -187.548986 38.739879 0.738234 0.330889 -0.085715 -0.581529
7850.000000 1900.000000 -26.019684 -67.305708 -1.480649 0.698335 0.226967 -0.135103 -0.665252
7850.000000 1950.000000 -33.626468 -72.868703 -1.771984 0.708111 0.166677 -0.069780 -0.682590
7850.000000 1650.000000 -23.558563 -64.690628 -1.157059 0.670983 0.298232 -0.195048 -0.650227
7850.000000 9600.000000 -27.552160 -62.931737 -1.370874 0.685913 0.330142 -0.185250 -0.621460
7850.000000 9650.000000 -28.910785 -68.373283 -2.444191 -0.679071 -0.219057 0.107021 0.692404
7850.000000 9700.000000 -29.563283 -67.744330 -2.356802 0.691602 0.193640 -0.090088 -0.689981
7900.000000 1900.000000 -27.652828 -67.766687 -2.195551 0.732741 0.115857 -0.003178 -0.670565
7900.000000 1950.000000 -33.338883 -72.374957 -2.163604 0.737779 0.050707 0.043809 -0.671708
7900.000000 9700.000000 -55.372013 -78.870130 10.902254 0.820654 0.019641 0.450753 -0.350660
7900.000000 9650.000000 -12.323329 -114.089657 69.750349 0.901964 0.183205 -0.086078 -0.381428
7900.000000 9750.000000 -32.689787 -72.842618 -1.429846 0.745565 -0.047130 0.122066 -0.653461
7950.000000 9750.000000 214.320361 -419.078298 -1186.653875 -0.105848 -0.079006 0.292352 0.947146
7950.000000 8000.000000 -32.438871 -72.164632 -1.474598 0.732127 -0.019225 0.107067 -0.672426
7950.000000 9700.000000 -33.297754 -71.057088 -2.318277 0.708554 -0.059876 0.176676 -0.680553
10000.000000 8250.000000 -33.849136 -61.173513 -3.474056 0.547704 -0.392826 0.532222 -0.512296
10000.000000 8200.000000 -42.672280 -60.227592 -0.980205 -0.493735 0.548482 -0.503025 0.449842
10000.000000 9950.000000 -37.615779 -63.980704 -3.722464 -0.590930 0.366624 -0.399773 0.597135
10050.000000 8250.000000 -37.232757 -61.485279 -4.057507 0.577983 -0.402785 0.463887 -0.537130
10050.000000 8200.000000 -35.637793 -62.563751 -3.908059 -0.590231 0.338462 -0.375790 0.629168
10050.000000 8300.000000 -36.146942 -60.171157 -4.792001 0.452184 -0.424121 0.590815 -0.516322
10100.000000 8350.000000 -35.961970 -58.335840 -4.713804 0.459316 -0.456682 0.549991 -0.527238
10100.000000 8400.000000 -40.247241 -58.139247 -4.864685 -0.374184 0.601124 -0.445889 0.547557
10100.000000 8300.000000 -38.111392 -59.409948 -4.189355 0.541776 -0.440606 0.475183 -0.535300
10150.000000 8400.000000 -36.466440 -56.881104 -3.662912 0.523340 -0.451691 0.538603 -0.481662
10150.000000 8450.000000 -38.740220 -56.391164 -3.626141 0.551190 -0.453778 0.492167 -0.498043
10150.000000 8350.000000 -38.022952 -57.590272 -4.310829 -0.518314 0.457768 -0.501131 0.520257
10200.000000 8400.000000 -37.420512 -56.836437 -3.469281 0.572421 -0.453043 0.543215 -0.414733
10200.000000 8500.000000 -37.548725 -54.101102 -7.212621 0.441323 -0.396675 0.667265 -0.450156
10200.000000 8450.000000 -39.384495 -55.358135 -4.796229 0.474659 -0.504467 0.524021 -0.495594
10250.000000 8500.000000 -39.877676 -53.156079 -4.746242 0.375400 -0.572937 0.601692 -0.410833
10250.000000 8450.000000 -39.929331 -52.941151 -6.786824 0.385770 -0.519236 0.661839 -0.378874
10250.000000 8400.000000 -36.684497 -56.595242 -5.006222 -0.387853 0.495502 -0.458157 0.627805
10300.000000 8600.000000 -40.081644 -52.291513 -3.658042 -0.343417 0.626492 -0.571353 0.403891
10300.000000 8500.000000 -38.683197 -51.482739 -4.400641 0.291760 -0.620691 0.623341 -0.375585
10300.000000 8400.000000 -38.502964 -49.194598 -3.643237 -0.266417 0.656422 -0.638668 0.300394
10350.000000 8600.000000 -38.614029 -48.984935 -3.663727 -0.191315 0.671090 -0.638346 0.324888
10350.000000 8550.000000 -38.755579 -48.453785 -3.005919 -0.192039 0.678364 -0.637324 0.311064
10350.000000 8650.000000 -41.131072 -47.835439 -2.684091 -0.198909 0.683573 -0.614182 0.340506
10400.000000 8600.000000 -36.818841 -47.089207 -2.642592 -0.182432 0.673746 -0.665101 0.265378
10400.000000 8650.000000 -38.941183 -45.611359 -1.002883 -0.190183 0.688918 -0.641716 0.278252
10400.000000 8550.000000 -36.687925 -46.903185 -3.184405 0.172209 -0.667266 0.670975 -0.273665
10450.000000 8600.000000 -37.814940 -39.843808 -1.951241 -0.206270 0.665047 -0.650671 0.302972
10450.000000 8650.000000 -42.353827 -37.754064 -17.062631 0.170329 -0.537851 0.720112 -0.403910
10450.000000 8550.000000 -35.203256 -44.413418 -2.969660 0.195238 -0.653137 0.662180 -0.311147
10500.000000 8550.000000 -37.044443 -37.392402 -0.834970 0.245242 -0.627945 0.675576 -0.298559
10500.000000 8600.000000 -36.211124 -36.300771 -1.097172 0.238450 -0.624766 0.680649 -0.299208
10500.000000 8650.000000 -55.855393 -62.931828 -1.529720 0.451472 -0.492903 0.526871 -0.525002
10550.000000 8550.000000 -32.587202 -35.841501 -0.167170 0.211098 -0.654987 0.659998 -0.301384
10550.000000 8600.000000 -82.605794 -111.873536 -2.816554 -0.576297 0.341926 -0.313912 0.672628
10550.000000 8650.000000 -39.621473 -26.915105 5.103048 -0.209161 0.685899 -0.604417 0.347095
10600.000000 8550.000000 -18.847034 -61.170047 -1.528223 0.536284 -0.322654 0.729162 -0.276798
10600.000000 8650.000000 -32.797526 -37.926401 -3.416652 0.260376 -0.599419 0.678618 -0.335230
10600.000000 8450.000000 -32.213520 -55.339859 -2.911727 0.331460 -0.572645 0.598279 -0.451967
10650.000000 8550.000000 -27.501005 -48.540106 -3.307995 0.302804 -0.584947 0.650335 -0.378433
10650.000000 8450.000000 -26.976710 -57.061924 -2.683597 -0.237388 0.649167 -0.308509 0.653492
10650.000000 8500.000000 -29.177263 -47.464737 -2.744600 0.323472 -0.586075 0.636848 -0.382501
10700.000000 8550.000000 -25.253749 -52.173841 -3.389237 0.287853 -0.548079 0.668532 -0.412086
10700.000000 8500.000000 -25.690702 -50.470066 -2.918196 0.272027 -0.562107 0.661312 -0.415576
10700.000000 8600.000000 -31.389583 -52.365475 -3.782191 0.333766 -0.528122 0.627591 -0.464561
10750.000000 8650.000000 -23.440248 -57.584753 -2.355839 0.125434 -0.588982 0.657942 -0.452192
10750.000000 8600.000000 -26.877185 -64.719535 -7.959575 -0.255450 0.317714 -0.445682 0.796976
10750.000000 8550.000000 -20.888010 -59.065473 -0.642735 0.048684 -0.681086 0.706714 -0.185220
10800.000000 8600.000000 -19.414881 -38.704218 0.381253 -0.135902 0.707353 -0.673425 0.166377
10800.000000 8650.000000 -16.271344 -37.510389 0.498048 -0.071345 0.720200 -0.678406 0.126440
10800.000000 8700.000000 -28.827869 -48.620172 -3.236814 0.165618 -0.597809 0.683659 -0.384455
10850.000000 8650.000000 -5.760583 -50.494093 11.334185 0.059938 0.835463 -0.546099 -0.013609
10850.000000 8600.000000 -19.803124 -46.304502 -0.093971 -0.145087 0.698690 -0.681391 0.162752
10850.000000 8550.000000 -17.935905 -47.766502 -0.483539 -0.124683 0.697592 -0.689630 0.149097
10900.000000 8650.000000 -6.269034 -57.114319 11.208519 0.109537 0.840988 -0.529073 -0.028665
10900.000000 8600.000000 -38.391153 -58.865187 0.608283 -0.338432 0.623019 -0.587591 0.389933
10900.000000 8700.000000 -14.249521 -53.481445 -6.345783 0.073961 -0.590536 0.803135 -0.027772
10950.000000 8650.000000 -16.256533 -68.343976 -2.090048 0.278864 -0.376673 0.811978 -0.347915
10950.000000 8600.000000 -6.257020 -54.553123 -7.467239 0.104841 -0.544760 0.831830 -0.017434
10950.000000 8550.000000 -21.774206 -53.956768 -1.250676 0.217480 -0.635850 0.680185 -0.292824
11000.000000 8650.000000 10.913475 -60.161655 4.024832 -0.281102 -0.671389 0.679104 0.095062
11000.000000 8700.000000 nan nan nan nan nan nan nan
11000.000000 8550.000000 nan nan nan nan nan nan nan
11050.000000 8700.000000 nan nan nan nan nan nan nan
11050.000000 8650.000000 nan nan nan nan nan nan nan
11200.000000 8700.000000 nan nan nan nan nan nan nan
11200.000000 8650.000000 nan nan nan nan nan nan nan
11200.000000 8600.000000 -14.248300 -56.962134 0.615289 0.168695 -0.632826 0.735905 -0.171803
11250.000000 8650.000000 nan nan nan nan nan nan nan
11250.000000 8750.000000 -11.428016 -61.456327 -0.314158 0.189597 -0.563487 0.775331 -0.213065
11250.000000 8600.000000 nan nan nan nan nan nan nan
11350.000000 8650.000000 nan nan nan nan nan nan nan
11500.000000 8650.000000 nan nan nan nan nan nan nan
11500.000000 8600.000000 nan nan nan nan nan nan nan
11600.000000 8650.000000 nan nan nan nan nan nan nan
11650.000000 8450.000000 nan nan nan nan nan nan nan
11700.000000 8650.000000 nan nan nan nan nan nan nan
11900.000000 8650.000000 nan nan nan nan nan nan nan
11950.000000 8650.000000 nan nan nan nan nan nan nan
20000.000000 600.000000 3.347289 -4.259563 0.507874 0.158168 0.717862 -0.674874 -0.064826
20000.000000 650.000000 4.268164 -3.517740 -0.936326 0.175360 0.696403 -0.691829 -0.075132
20000.000000 700.000000 4.088504 -3.983947 -0.931543 -0.200171 -0.681448 0.701546 0.058258
20050.000000 600.000000 2.889622 -4.449948 0.588067 0.360486 0.671386 -0.621431 0.181974
20050.000000 650.000000 2.911243 -5.944930 -0.190778 0.113059 0.717400 -0.685475 -0.051758
20050.000000 700.000000 3.619036 -5.897031 -0.514373 0.158271 0.714459 -0.677099 -0.077694
20100.000000 650.000000 2.084788 -7.628024 -0.408645 -0.121609 -0.692987 0.709540 0.039155
20100.000000 700.000000 2.732980 -8.054959 0.070600 0.168936 0.719964 -0.663312 -0.114589
20100.000000 600.000000 -14.028224 2.063411 20.817975 0.015201 0.914570 -0.276463 0.294786
20100.000000 8850.000000 34.461386 -15.713287 7.366289 0.294179 0.713010 -0.592583 -0.232210
20100.000000 8800.000000 21.658768 -10.597519 3.646578 0.271930 0.712299 -0.608654 -0.219602
20150.000000 700.000000 2.173027 -8.930699 0.040311 0.106857 0.710780 -0.694016 -0.041404
20150.000000 750.000000 2.472698 -8.549289 0.148100 0.105928 0.710437 -0.694255 -0.045483
20150.000000 650.000000 2.544934 -8.521473 0.213193 0.111276 0.709435 -0.694731 -0.040836
20150.000000 8800.000000 10.883018 -21.194519 2.547917 0.238058 0.708435 -0.643891 -0.163866
20150.000000 8850.000000 39.063858 -49.990517 11.110187 0.364250 0.711279 -0.497547 -0.337419
20150.000000 8900.000000 0.319017 -17.582209 -1.438593 0.117909 0.712160 -0.686798 -0.085053
20200.000000 750.000000 2.126147 -10.100866 0.142849 -0.163554 -0.693071 0.698540 0.070320
20200.000000 800.000000 2.335630 -9.273352 0.243915 -0.150733 -0.696632 0.698084 0.068277
20200.000000 700.000000 2.469233 -8.831088 0.540747 0.145766 0.707797 -0.686682 -0.079018
20200.000000 8850.000000 6.424648 -6.253249 0.357174 0.181242 0.700651 -0.683054 -0.098368
20250.000000 800.000000 1.389785 -11.857909 0.933485 0.109931 0.726277 -0.677007 -0.045821
20250.000000 750.000000 1.348999 -12.149359 0.223857 0.119916 0.705841 -0.696899 -0.041723
20250.000000 850.000000 1.217248 -12.933801 -0.135676 -0.125979 -0.695455 0.704835 0.060661
20250.000000 8850.000000 56.656649 -45.745636 10.595833 0.371123 0.678905 -0.534263 -0.340468
20250.000000 8800.000000 40.592369 -5.763530 6.033808 0.255180 0.701260 -0.637408 -0.191906
20250.000000 8900.000000 -2.223321 -19.092424 -0.644229 0.126352 0.708171 -0.691237 -0.068703
20300.000000 850.000000 0.615207 -14.610854 -0.270009 -0.154070 -0.693579 0.699268 0.078961
20300.000000 800.000000 0.747518 -13.746776 0.396308 0.133121 0.715067 -0.683664 -0.059686
20300.000000 900.000000 0.433993 -15.181851 0.033125 0.158760 0.703178 -0.689173 -0.073323
20300.000000 8850.000000 43.699625 -39.618958 11.325203 0.362940 0.701657 -0.518708 -0.326946
20300.000000 8950.000000 -6.371303 -11.061580 1.293313 0.141171 0.715409 -0.683414 -0.034736
20300.000000 8900.000000 -0.842715 -16.620675 0.361302 0.154641 0.713059 -0.679758 -0.074584
20350.000000 950.000000 -0.141620 -17.356336 0.129446 0.144901 0.706437 -0.690828 -0.052030
20350.000000 900.000000 -0.087108 -16.676888 0.185384 0.136613 0.707015 -0.691460 -0.057881
20350.000000 1000.000000 -0.207240 -18.230301 -0.837713 -0.130755 -0.686638 0.712326 0.063437
20350.000000 8800.000000 -40.566921 -44.269717 0.555289 -0.420614 0.576453 -0.548482 0.435836
20350.000000 8850.000000 0.687018 -13.130325 -0.742818 0.143399 0.704272 -0.692722 -0.059785
20350.000000 8950.000000 -5.545014 -13.380947 -0.417676 0.119970 0.709703 -0.693214 -0.037186
20400.000000 950.000000 -4.639444 -14.518334 -0.476147 0.077206 0.712036 -0.697058 -0.033965
20400.000000 1000.000000 -1.789669 -22.517636 -1.072275 -0.023762 -0.666486 0.743612 -0.047684
20400.000000 900.000000 -0.697539 -17.996737 1.723974 0.114281 0.735015 -0.662357 -0.089304
20400.000000 8850.000000 14.655832 -28.859570 6.439425 0.270016 0.726951 -0.599766 -0.197268
20400.000000 8900.000000 -3.885425 -25.456946 -1.509512 0.141228 0.716120 -0.675005 -0.107683
20400.000000 9000.000000 -38.736361 -11.151286 -0.208571 -0.051676 0.708902 -0.664077 0.231924
20450.000000 1050.000000 -4.787347 -12.888354 4.599125 0.084089 0.787973 -0.609302 0.027918
20450.000000 1000.000000 -1.464719 -23.192275 -0.751870 -0.162560 -0.680804 0.705265 0.112612
20450.000000 1100.000000 -1.448972 -22.398928 -0.056540 0.181375 0.703530 -0.679428 -0.102599
20450.000000 8850.000000 -2.715309 -19.745891 -1.488909 0.175209 0.698291 -0.686431 -0.102485
20450.000000 9000.000000 -22.955134 -5.425111 6.564715 0.108864 0.721555 -0.662008 0.171034
20450.000000 8800.000000 7.168773 -20.396698 1.605726 0.233002 0.705207 -0.650199 -0.160107
20500.000000 1100.000000 -22.060932 -29.198619 13.759496 -0.480070 0.732235 -0.455465 0.160987
20500.000000 1050.000000 -3.986909 -22.068497 -0.162107 -0.117491 -0.697722 0.704991 0.048659
20500.000000 1000.000000 -4.155162 -22.397353 0.088679 0.103133 0.707404 -0.696467 -0.062263
20500.000000 8850.000000 -13.400933 -30.967763 -1.347802 0.138216 0.698647 -0.697725 -0.077260
20500.000000 9000.000000 -47.170255 -14.367381 -1.440132 -0.093027 0.667832 -0.661772 0.327726
20500.000000 8950.000000 -7.784946 -18.255463 0.226053 0.130487 0.701082 -0.698772 -0.056347
20550.000000 1150.000000 -2.605183 -26.757382 -0.379754 -0.193623 -0.681040 0.693600 0.132713
20550.000000 1100.000000 -5.401926 -22.395656 -0.465201 0.137767 0.703160 -0.696074 -0.045466
20550.000000 1200.000000 -3.637330 -28.384706 -0.900572 -0.201927 -0.669395 0.709601 0.087193
20550.000000 8800.000000 48.520592 -39.450418 10.331881 0.442403 0.648186 -0.506447 -0.357276
20550.000000 9000.000000 -1127.091768 1841.238271 494.383962 -0.011938 0.711253 -0.498753 0.495200
20550.000000 8850.000000 2.092449 -21.189329 3.522570 0.194121 0.727730 -0.648085 -0.112749
20600.000000 1200.000000 -3.427257 -27.925459 -0.417437 0.181404 0.690588 -0.686004 -0.139922
20600.000000 1250.000000 -4.417435 -30.416385 -0.969094 -0.185496 -0.671949 0.710232 0.098212
20600.000000 1150.000000 -6.346147 -23.931464 -0.371291 0.137956 0.706217 -0.689012 -0.086538
20600.000000 8850.000000 -7.808219 -26.565196 -1.273186 0.151916 0.704870 -0.685815 -0.098679
20600.000000 8950.000000 -9.175846 -21.176386 -0.169187 0.136230 0.712189 -0.684374 -0.076560
20600.000000 8800.000000 69.099035 -48.118024 10.711272 0.465509 0.622132 -0.432921 -0.456982
20650.000000 1250.000000 -4.007563 -30.108792 -0.577760 0.196677 0.690895 -0.682953 -0.132504
20650.000000 1200.000000 -4.052463 -29.118372 -0.613467 0.176481 0.696167 -0.687130 -0.109812
20650.000000 1300.000000 -4.265460 -30.986084 -0.745844 0.195739 0.690292 -0.688327 -0.106720
20650.000000 8800.000000 41.304572 -43.126159 10.634117 0.428095 0.675049 -0.467539 -0.377427
20650.000000 8950.000000 -9.948702 -23.529365 -0.798491 0.136850 0.719731 -0.676115 -0.078279
20650.000000 9000.000000 -55.338591 -12.687672 -4.835129 -0.205315 0.667074 -0.653408 0.293115
20700.000000 1300.000000 -5.462967 -33.642085 -0.767888 -0.152882 -0.689836 0.705828 0.050601
20700.000000 1250.000000 -4.711611 -31.498340 0.006587 0.141367 0.726612 -0.662873 -0.112470
20700.000000 1350.000000 -4.676003 -30.808862 -0.809406 0.131889 0.715365 -0.682535 -0.070734
20700.000000 8950.000000 -34.235870 -15.626385 0.990640 -0.021318 0.741375 -0.657322 0.133551
20700.000000 8850.000000 53.225262 -54.437791 9.374150 0.400438 0.675255 -0.554492 -0.276076
20700.000000 8900.000000 -8.397410 -29.731179 -0.956070 0.122717 0.731003 -0.667394 -0.071837
20750.000000 1350.000000 -5.195016 -33.118618 -0.448049 0.113995 0.705046 -0.695567 -0.078122
20750.000000 1300.000000 -7.133911 -30.586861 -0.454875 0.074382 0.706874 -0.702490 -0.036116
20750.000000 1400.000000 -129.555040 -27.760967 -499.763369 -0.006191 0.231614 -0.586392 0.776183
20750.000000 8800.000000 53.651670 -50.723636 10.531582 0.428717 0.668701 -0.452057 -0.405814
20750.000000 8850.000000 -14.950360 -36.354037 -1.072075 0.099314 0.710983 -0.695063 -0.039068
20750.000000 8950.000000 -20.376327 -23.484418 -1.701897 0.029962 0.716929 -0.696372 0.013443
20800.000000 1400.000000 -5.668300 -35.596980 -0.363873 0.075479 0.733407 -0.674942 -0.029501
20800.000000 1350.000000 -5.709726 -35.209517 -0.204762 0.075120 0.739523 -0.668826 -0.011576
20800.000000 1450.000000 -5.942574 -36.276707 -0.138029 0.070083 0.741607 -0.666274 -0.034440
20850.000000 1450.000000 -6.380459 -37.703623 -0.843176 -0.112293 -0.688261 0.716281 0.025069
20850.000000 1400.000000 -5.851831 -36.865971 0.154868 0.104838 0.721712 -0.683362 -0.034004
20850.000000 1500.000000 -6.306804 -39.187116 -0.614823 -0.138144 -0.696728 0.701762 0.054918
20850.000000 8800.000000 -1.874480 -25.250069 2.252218 0.130323 0.745462 -0.648574 -0.081574
20850.000000 8950.000000 7.923537 -38.339315 4.628392 0.249725 0.747748 -0.573411 -0.222956
20900.000000 1500.000000 -6.174862 -38.025117 -0.315857 0.148848 0.704513 -0.693082 -0.033804
20900.000000 1550.000000 -6.811100 -40.418243 -0.101445 0.164272 0.719215 -0.670579 -0.077900
20900.000000 1450.000000 -5.145863 -39.644501 0.257558 0.136220 0.718996 -0.677410 -0.074870
20900.000000 8950.000000 -23.456231 -23.592664 -0.303154 0.045387 0.728272 -0.681137 0.060100
20900.000000 8850.000000 -16.623991 -33.664953 -0.697187 0.081225 0.731315 -0.675724 -0.044476
20900.000000 8800.000000 92.816849 -38.291328 9.339645 0.453441 0.637721 -0.492166 -0.381411
20950.000000 1550.000000 -7.196850 -41.665922 -0.362773 0.258281 0.702809 -0.640473 -0.170722
20950.000000 1500.000000 -6.747065 -40.514717 -1.807952 -0.236093 -0.638835 0.723992 0.109477
20950.000000 1600.000000 -9.736017 -39.295370 -0.903194 -0.090119 -0.702135 0.706131 -0.016231
20950.000000 9000.000000 -54.337124 -23.604410 -6.115754 -0.274644 0.662831 -0.645898 0.260847
20950.000000 8950.000000 -9.820596 -36.721791 0.052152 0.234597 0.721661 -0.635777 -0.141272
20950.000000 9050.000000 -30.943860 -13.050660 -0.861787 -0.021151 0.734720 -0.664317 0.135726
21000.000000 1600.000000 -7.442137 -41.672025 0.693890 0.385713 0.664441 -0.579530 -0.271823
21000.000000 1650.000000 -20.229182 -44.653597 77.518317 0.538256 0.834479 -0.095320 0.069566
21000.000000 1700.000000 3.524977 -13.799589 12.721656 0.328103 0.716213 -0.615523 -0.022780
21000.000000 9050.000000 -38.866879 -17.823808 -3.529557 0.049766 0.727687 -0.683511 0.028423
21000.000000 9100.000000 -7.366365 -60.049713 -8.207598 -0.437716 -0.521417 0.552947 0.480395
21000.000000 8950.000000 -11.596374 -38.313979 -0.634237 0.363481 0.660831 -0.600233 -0.266277
21050.000000 1650.000000 -19.475061 -43.348174 45.182976 0.513044 0.851718 -0.095777 0.046790
21050.000000 1600.000000 -8.306336 -42.958897 1.607264 0.455891 0.685954 -0.447498 -0.348391
21050.000000 1700.000000 -4.468815 -41.135837 1.200431 0.429884 0.636981 -0.558601 -0.312121
21050.000000 9250.000000 -14.074691 -47.787272 -2.158616 0.414549 0.623286 -0.565864 -0.345633
21050.000000 9100.000000 -9.938334 -64.447091 -12.437471 -0.465581 -0.421810 0.502873 0.593657
21050.000000 9150.000000 -13.369880 -46.063075 0.228145 0.412579 0.653958 -0.550880 -0.314085
21100.000000 1650.000000 -12.384420 -44.624542 -0.943751 0.355173 0.685698 -0.563616 -0.293270
21100.000000 1750.000000 -11.826886 -44.239624 -2.050991 0.356176 0.659427 -0.606235 -0.266034
21100.000000 1700.000000 -14.284558 -45.799014 -1.450360 0.361295 0.677918 -0.565408 -0.300344
21100.000000 9100.000000 -10.518394 -59.608668 -8.249322 0.425633 0.551596 -0.523950 -0.489954
21100.000000 9050.000000 7.525987 -33.130431 7.982400 0.394111 0.712287 -0.518863 -0.260970
21100.000000 9150.000000 -14.444822 -46.800712 -1.787132 0.357859 0.679782 -0.569622 -0.292171
21150.000000 1750.000000 -11.826525 -42.051404 2.707529 0.304684 0.783997 -0.520584 -0.146659
21150.000000 1800.000000 -10.798782 -42.463736 1.541068 0.322684 0.742286 -0.543810 -0.221716
21150.000000 1850.000000 -8.292682 -40.198931 2.313289 0.321435 0.737842 -0.549594 -0.224088
21150.000000 9050.000000 29.082640 -17.360706 42.257223 0.356056 0.826805 -0.392006 -0.189602
21150.000000 9100.000000 -10.919645 -43.040542 -0.487015 0.321449 0.711029 -0.583432 -0.225200
21150.000000 9150.000000 -15.508980 -47.634439 -1.810596 0.326953 0.700388 -0.582191 -0.252214
21200.000000 1800.000000 -13.870300 -45.668333 1.387272 0.322396 0.739780 -0.557941 -0.193620
21200.000000 1850.000000 -11.759735 -42.756473 2.344566 0.314964 0.737456 -0.570227 -0.178319
21200.000000 1750.000000 -14.127335 -46.687789 -0.138815 0.323318 0.714998 -0.579867 -0.219086
21200.000000 9050.000000 -40.897574 -24.105027 1.090670 0.068546 0.759047 -0.620529 0.184640
21200.000000 9000.000000 -11.963034 -52.422047 0.506209 0.476787 0.646392 -0.436332 -0.405544
21200.000000 9100.000000 -0.930100 -23.693207 10.021344 0.286602 0.758294 -0.572987 -0.120562
21250.000000 1850.000000 -13.957709 -45.425412 3.058134 0.364585 0.762107 -0.496346 -0.199778
21250.000000 1800.000000 -15.630004 -48.402447 -1.226915 0.368680 0.688369 -0.563465 -0.269683
21250.000000 1750.000000 -15.993654 -48.490778 -0.883112 0.364701 0.694616 -0.566582 -0.251966
21250.000000 9100.000000 -22.081100 -52.014100 -3.167476 0.353230 0.667693 -0.604053 -0.254036
21250.000000 9050.000000 -3.226486 -50.078096 4.222756 0.454058 0.683292 -0.447160 -0.356359
21250.000000 9000.000000 -12.633550 -47.660826 0.890096 0.420290 0.687767 -0.509272 -0.301620
21300.000000 1900.000000 -18.312667 -48.906171 -0.063681 0.423976 0.655271 -0.540564 -0.314094
21300.000000 1850.000000 -17.315161 -48.833476 -1.704865 0.412380 0.648543 -0.538507 -0.345463
21300.000000 1800.000000 -14.637938 -46.915211 0.373510 0.412003 0.661086 -0.545167 -0.309857
21300.000000 9100.000000 -19.621271 -46.450909 -1.202854 0.280993 0.710791 -0.606358 -0.219430
21300.000000 9150.000000 -19.782275 -50.930600 -1.910745 0.400860 0.644611 -0.554599 -0.340893
21300.000000 9050.000000 -12.528045 -47.335455 1.259379 0.421917 0.664965 -0.506848 -0.350588
21350.000000 1850.000000 -18.688824 -47.555210 -0.767040 0.336652 0.665813 -0.601302 -0.285998
21350.000000 1800.000000 -18.091637 -45.509989 0.509472 0.343567 0.675293 -0.602085 -0.251863
21350.000000 1750.000000 -19.190136 -48.922309 -1.390594 0.326925 0.661155 -0.614666 -0.279608
21350.000000 9100.000000 -21.869276 -63.348176 -11.653709 -0.337117 -0.443649 0.549567 0.622498
21350.000000 9050.000000 -16.387599 -44.521256 11.604597 0.386612 0.823716 -0.384317 -0.155958
21350.000000 9000.000000 -19.459708 -47.932700 -1.201213 0.350259 0.653403 -0.601085 -0.298462
21400.000000 1850.000000 -29.861992 -38.836765 -0.687827 0.185829 0.739902 -0.642784 -0.069579
21400.000000 1800.000000 -20.956893 -44.028700 -0.443790 0.283544 0.712142 -0.616724 -0.179187
21400.000000 1750.000000 -20.083133 -49.014565 -1.430626 0.305872 0.694246 -0.617977 -0.206324
21400.000000 9000.000000 -9.169462 -55.425630 3.928621 0.483844 0.659005 -0.272131 -0.507495
21400.000000 9050.000000 -5.097414 -39.682361 13.874271 0.448256 0.716987 -0.467065 -0.258547
21400.000000 9100.000000 -31.809521 -80.274693 14.197775 0.845797 0.398124 -0.149568 -0.322110
21450.000000 1800.000000 -26.174255 -42.752221 -2.669317 0.193887 0.718030 -0.650833 -0.152502
21450.000000 1850.000000 -31.776952 -38.385043 -1.209043 0.138961 0.741754 -0.654313 -0.048631
21450.000000 1750.000000 -22.337276 -44.246000 -0.928087 0.244242 0.719549 -0.631459 -0.154445
21450.000000 9000.000000 -30.908951 -42.272476 -0.137532 0.081644 0.774778 -0.577912 0.243046
21450.000000 9050.000000 -44.931038 -12.246062 13.071201 0.158311 0.793309 -0.539952 0.232485
21450.000000 9100.000000 -32.889358 -31.754200 0.131909 0.104892 0.742995 -0.659001 0.051708
21500.000000 1800.000000 -28.943803 -43.218867 -2.504419 0.163851 0.729566 -0.655472 -0.106032
21500.000000 1850.000000 -29.153090 -37.792636 -1.634771 0.145136 0.739660 -0.654434 -0.059625
21500.000000 1750.000000 -30.971664 -42.067173 -0.918707 0.161063 0.743058 -0.647637 -0.049899
21500.000000 8900.000000 -25.145418 -47.030497 -1.976990 0.243783 0.720998 -0.616394 -0.201964
21500.000000 9000.000000 -59.954409 33.841698 353.613397 0.418406 0.905836 -0.064579 0.015037
21500.000000 8950.000000 -25.560197 -44.182959 0.610306 0.197321 0.777897 -0.585692 -0.113602
21550.000000 1850.000000 -42.039240 -31.133524 0.229416 -0.039191 0.753379 -0.638062 0.154147
21550.000000 1800.000000 -40.841459 -38.671567 -3.013848 -0.031267 0.742143 -0.665851 0.069918
21550.000000 1750.000000 -31.717699 -36.726696 -0.689108 0.043170 0.761519 -0.646538 0.014618
21550.000000 8900.000000 -26.818033 -46.924151 -2.346416 0.137049 0.738003 -0.652992 -0.100852
21550.000000 8950.000000 -26.286874 -34.164137 0.757986 0.112772 0.783328 -0.609943 -0.040624
21550.000000 8850.000000 -34.945778 -41.289619 -0.204320 -0.116547 0.773275 -0.557311 0.279046
21600.000000 1800.000000 -54.977927 -42.807240 -3.372405 -0.210426 0.700393 -0.636252 0.245670
21600.000000 1850.000000 -16.218243 -75.779092 -1.655540 0.453204 0.620946 -0.498110 -0.401147
21600.000000 1750.000000 -52.150716 -37.207320 -4.433686 -0.213058 0.693914 -0.654741 0.210724
21600.000000 8850.000000 -27.651021 -46.903344 -2.888047 0.296838 0.715439 -0.567155 -0.279946
21600.000000 8900.000000 -27.790073 -45.821451 -2.392674 0.087342 0.745090 -0.657442 -0.070588
21600.000000 8800.000000 -30.048191 -47.972145 -3.703582 0.059212 0.742091 -0.666718 0.035787
21650.000000 1850.000000 -29.702832 -48.805686 -1.082336 -0.002585 0.785654 -0.617997 -0.028652
21650.000000 1800.000000 -41.436890 -41.413141 -5.868372 0.060685 -0.648561 0.707119 -0.275080
21650.000000 1750.000000 -39.129218 -43.427471 -9.459100 -0.061355 -0.622316 0.695812 -0.353277
21650.000000 8800.000000 -33.891786 -45.434475 -2.750412 -0.172250 0.724147 -0.628978 0.224339
21650.000000 8850.000000 -39.219252 -54.732731 -28.309009 0.058481 -0.338368 0.817875 -0.461701
21650.000000 8900.000000 -28.738219 -50.190493 -2.698997 0.011095 0.744462 -0.666813 -0.031835
21700.000000 8800.000000 -32.933933 -49.873419 -2.855403 -0.324995 0.640283 -0.582559 0.380843
21700.000000 8750.000000 -37.890529 -43.140360 -1.662708 -0.131851 0.735390 -0.639862 0.179983
21700.000000 8700.000000 -35.695727 -38.607744 -1.966490 -0.046915 0.744847 -0.661593 0.072778
21750.000000 8700.000000 -39.626746 -30.526082 -1.245040 -0.120750 0.733781 -0.656954 0.124082
21750.000000 8650.000000 -35.849259 -49.035259 -2.907773 -0.145686 0.702924 -0.668108 0.195718
21750.000000 8750.000000 -33.869864 -49.765263 -3.201234 -0.150251 0.686524 -0.684500 0.193828
21800.000000 9500.000000 -24.322585 -67.205466 -1.130814 0.732806 0.293105 -0.156741 -0.593731
21800.000000 8500.000000 -36.613638 -51.633994 -4.107573 -0.198108 0.674010 -0.663690 0.256866
21800.000000 8400.000000 -36.046179 -51.115339 -3.498375 -0.218022 0.683764 -0.663214 0.212320
21850.000000 8400.000000 -37.274537 -53.112327 -3.868829 -0.292382 0.643527 -0.635282 0.311131
21850.000000 8600.000000 -40.077377 -49.617830 -2.655927 -0.307684 0.664760 -0.616390 0.288942
21850.000000 8650.000000 -41.479108 -48.496721 -2.893059 -0.305269 0.665455 -0.612302 0.298440
21900.000000 8400.000000 -39.318464 -54.487445 -4.348766 -0.347238 0.615138 -0.606286 0.365305
21900.000000 8350.000000 -37.897422 -53.915939 -3.434018 -0.358932 0.634961 -0.617089 0.295286
21900.000000 8300.000000 -35.728178 -52.012936 -4.346357 0.290180 -0.635672 0.694508 -0.171389
21950.000000 8350.000000 -38.945996 -56.639239 -3.592953 -0.417600 0.588497 -0.585204 0.369887
21950.000000 8250.000000 -38.617905 -51.443331 -4.188507 0.305560 -0.637012 0.652848 -0.273201
21950.000000 8400.000000 -40.742316 -56.764596 -7.394445 0.374713 -0.512010 0.635851 -0.439465
22000.000000 8300.000000 -39.358269 -57.390954 -3.041382 -0.453746 0.587039 -0.586025 0.325690
22000.000000 8200.000000 -41.113343 -56.569236 -5.462584 0.388652 -0.528244 0.590819 -0.469936
22000.000000 8250.000000 -39.441056 -56.473700 -3.624985 0.420752 -0.589132 0.607312 -0.327204
22050.000000 8250.000000 -39.959911 -60.106908 -3.155255 0.532547 -0.522811 0.541061 -0.387705
22050.000000 8200.000000 -39.069147 -58.864032 -3.357152 0.500995 -0.550771 0.579989 -0.330557
22050.000000 8300.000000 -39.547315 -61.371154 -3.415541 0.537326 -0.498058 0.519160 -0.440105
22100.000000 8250.000000 -42.111355 -64.474342 -3.555814 0.602338 -0.411007 0.458285 -0.508170
22100.000000 8200.000000 -41.231827 -61.309006 -7.395428 0.489566 -0.442385 0.590066 -0.465235
22100.000000 9950.000000 -182.157703 -42.666021 -112.639639 -0.296108 0.219643 -0.608547 0.702672
22150.000000 9950.000000 -37.206692 -62.705014 -3.970205 0.471604 -0.481226 0.620798 -0.400776
22150.000000 8200.000000 -47.118908 -61.596347 -3.792700 0.479522 -0.514485 0.562367 -0.434864
22150.000000 9900.000000 -39.908355 -64.450539 -3.367615 0.596097 -0.406400 0.487010 -0.492269
22200.000000 9900.000000 -38.495232 -71.512149 5.012195 0.826509 -0.323425 0.094798 -0.450880
22200.000000 9950.000000 -36.773548 -63.297964 -4.536610 0.518434 -0.318731 0.693286 -0.385994
22200.000000 8100.000000 143.471602 -328.957224 535.607683 0.895720 -0.275066 -0.246524 -0.247488
22250.000000 9850.000000 -24.453366 -71.073126 1.713348 0.788502 -0.291164 -0.483219 -0.244923
22250.000000 9900.000000 -35.443104 -70.865629 -16.838751 -0.399986 0.078337 -0.266873 0.873300
22250.000000 9800.000000 -37.821964 -68.600942 -2.027050 0.729495 -0.221167 0.294533 -0.576344
22300.000000 9800.000000 -35.324651 -70.752171 3.228028 0.882046 -0.131566 0.116262 -0.437227
22300.000000 9850.000000 -33.172229 -72.188081 -0.758433 0.797243 -0.065678 0.055068 -0.597542
22300.000000 8000.000000 -35.655587 -70.753241 -2.539852 0.741570 -0.117121 0.213560 -0.625099
22350.000000 9750.000000 -36.484748 -75.401936 -2.867908 0.737005 -0.104935 0.180454 -0.642844
22350.000000 9800.000000 -28.973056 -70.234774 -4.106482 -0.696779 -0.046802 0.135524 0.702810
22350.000000 8000.000000 -32.861871 -71.470580 -2.267222 0.775443 -0.010724 0.126751 -0.618471
22400.000000 9750.000000 -34.364669 -71.711035 -7.921162 -0.521933 -0.202374 -0.564576 0.606535
22400.000000 9700.000000 -34.263126 -76.718240 0.035536 0.780714 0.031233 0.151612 -0.605412
22400.000000 9650.000000 -35.078270 -73.116527 -1.367339 0.774084 0.026390 0.224693 -0.591279
22450.000000 9650.000000 -28.910794 -69.010724 -2.480570 0.740333 0.182771 -0.092882 -0.640215
22450.000000 9700.000000 -29.574353 -65.397356 -0.229151 0.820146 0.490277 -0.066918 -0.287248
22450.000000 9600.000000 -28.481276 -65.609939 -2.356971 0.804871 0.215751 -0.151147 -0.531778
22500.000000 9650.000000 -28.186867 -68.538879 -2.421932 0.710551 0.265765 -0.124435 -0.639533
22500.000000 9600.000000 -27.272395 -69.142540 -1.225810 0.741937 0.283478 -0.134391 -0.592545
22500.000000 9500.000000 -28.401496 -71.474084 -1.574093 0.730955 0.274731 -0.044716 -0.623079
22550.000000 9500.000000 -756.852956 -1308.095325 1485.040992 0.823264 0.515839 0.162986 -0.171993
22550.000000 9550.000000 -25.066024 -67.154407 -1.632748 0.685473 0.361371 -0.310651 -0.550485
22550.000000 9600.000000 -27.365988 -66.821681 -2.446050 0.700518 0.330987 -0.196823 -0.600818
22600.000000 9550.000000 -27.239762 -65.867173 -1.875092 0.745200 0.276111 -0.241718 -0.556788
22600.000000 9500.000000 -26.173336 -64.101995 -2.722179 0.645220 0.343592 -0.419271 -0.538375
22600.000000 9400.000000 -25.648982 -72.113757 -0.152028 0.696850 0.371857 -0.163054 -0.591215
22650.000000 9500.000000 -27.130217 -63.520373 -2.490691 0.649394 0.429539 -0.298374 -0.552047
22650.000000 9400.000000 -40.654135 -51.433708 -8.785507 -0.248041 -0.230414 0.911194 0.234757
22650.000000 9450.000000 -33.530101 -51.582476 7.850552 0.522032 0.789362 -0.170237 -0.274609
22700.000000 9400.000000 -38.580453 -64.639174 -4.650404 0.716848 0.090569 -0.122944 -0.680302
22700.000000 9450.000000 -11.748472 -64.615994 4.646999 0.546252 0.581583 -0.320154 -0.510755
22700.000000 9350.000000 -24.522389 -67.293644 -0.511468 0.691782 0.384733 -0.222942 -0.568960
22750.000000 9350.000000 -25.196962 -70.246431 2.153719 0.738655 0.433754 -0.005655 -0.515959
22750.000000 9400.000000 -21.427107 -63.846990 -0.137066 0.676054 0.468095 -0.272828 -0.499403
22750.000000 9450.000000 -22.345809 -63.097633 -0.553060 0.676666 0.471202 -0.254616 -0.505235
22800.000000 9350.000000 -24.039284 -64.694846 7.354062 0.782603 0.533872 -0.024584 -0.319231
22800.000000 9300.000000 -19.789837 -69.572028 3.249814 0.729428 0.444388 -0.129237 -0.503738
22800.000000 9400.000000 -15.405842 -61.413554 3.631090 0.654607 0.540137 -0.296131 -0.438233
22850.000000 9300.000000 -17.021820 -54.361628 1.235186 0.560105 0.620174 -0.428129 -0.344052
22850.000000 9350.000000 -20.290012 -54.168586 0.596302 0.638099 0.559173 -0.446797 -0.283773
22850.000000 9250.000000 -23.558908 -56.528995 -3.103996 0.559378 0.507676 -0.522958 -0.394812
22900.000000 9200.000000 -18.491968 -27.896473 17.291884 0.460606 0.765357 -0.435746 0.110438
22900.000000 9250.000000 -21.408514 -56.845540 -1.312797 0.568349 0.593730 -0.385760 -0.419111
22900.000000 9300.000000 -23.567310 -57.073161 -2.287939 0.572842 0.575649 -0.374925 -0.447114
22950.000000 9200.000000 -24.045634 -56.029888 -2.684432 0.512639 0.596302 -0.392133 -0.477344
22950.000000 9150.000000 -21.339256 -54.282504 -2.627241 0.495010 0.604418 -0.486189 -0.391490
22950.000000 9100.000000 -20.917518 -52.775894 -7.493990 -0.508442 -0.398809 0.731086 0.218980
23000.000000 9150.000000 -22.597761 -53.032096 -2.243560 0.421803 0.667948 -0.528894 -0.310158
23000.000000 9100.000000 -21.325521 -51.298098 -6.092442 -0.513632 -0.379733 0.769050 -0.023390
23000.000000 9050.000000 3641.027818 2935.959665 -2898.996803 -0.151823 -0.440839 0.577927 0.669784
23050.000000 9050.000000 -22.726520 -54.485270 -1.296992 0.151917 0.765325 -0.572263 0.252415
23050.000000 9100.000000 -23.038904 -51.439128 -2.326762 0.325460 0.706355 -0.574313 -0.255545
23050.000000 9150.000000 -23.507580 -52.109047 -2.409745 0.323732 0.707047 -0.558820 -0.288101
23100.000000 9000.000000 -24.505612 -48.136012 -0.737853 0.236383 0.801840 -0.548594 -0.014860
23100.000000 8950.000000 -18.562733 -46.755265 0.758350 0.348191 0.744821 -0.498815 -0.274206
23100.000000 9050.000000 -27.532063 -56.044998 -2.845583 0.302766 0.737112 -0.574195 -0.187877
23150.000000 8900.000000 -23.571830 -48.168145 0.530706 0.329530 0.792769 -0.446822 -0.251550
23150.000000 9000.000000 -25.228184 -51.625052 -2.227463 0.281531 0.749352 -0.577382 -0.160755
23150.000000 8950.000000 -34.524311 -44.176427 -0.134649 0.019796 0.808862 -0.439802 0.389775
23200.000000 8900.000000 -26.255593 -47.831575 -2.768913 -0.015042 0.754749 -0.588720 -0.289027
23200.000000 8850.000000 -27.974619 -46.790901 -2.831717 0.075989 0.768813 -0.634637 -0.019699
23200.000000 9000.000000 -25.124749 -51.094323 -2.033730 0.312388 0.758508 -0.563749 -0.096261
23250.000000 8900.000000 -27.883950 -48.293508 -2.461062 -0.068841 0.793815 -0.591463 -0.123651
23250.000000 8800.000000 -30.728550 -47.673275 -3.983316 -0.146783 -0.603413 0.622203 -0.476667
23250.000000 8850.000000 -28.509433 -48.634048 -3.326622 0.084909 0.762911 -0.640878 0.005774
23300.000000 8800.000000 -31.361291 -46.640657 -3.017771 -0.116245 0.748052 -0.638165 0.140183
23300.000000 8700.000000 -26.243342 -29.773949 4.563779 -0.014853 0.827861 -0.551965 -0.098799
23300.000000 8600.000000 -31.322742 -46.897519 -2.909325 -0.078606 0.755173 -0.643945 0.094177
23350.000000 8700.000000 -32.479429 -49.502258 -3.682968 -0.147016 0.716472 -0.650598 0.204393
23350.000000 8600.000000 -33.126028 -47.494517 -3.093857 -0.155948 0.735953 -0.643553 0.141041
23350.000000 8650.000000 -34.115447 -46.737698 -3.116820 -0.163499 0.736050 -0.637333 0.159075
23400.000000 8600.000000 -34.496572 -47.959228 -2.585151 -0.198251 0.744140 -0.622050 0.141442
23400.000000 8500.000000 -34.512387 -48.843304 -3.474745 -0.191925 0.715593 -0.645395 0.185895
23400.000000 8700.000000 -43.989418 -34.539880 2.304174 -0.265478 0.768783 -0.553816 0.178276
23450.000000 9550.000000 -24.901037 -70.030803 -0.237052 0.779579 0.322840 -0.069972 -0.532104
23450.000000 8500.000000 -35.756158 -50.278882 -3.267154 -0.278140 0.717111 -0.602672 0.212547
23450.000000 8600.000000 -37.293771 -51.635872 -2.903699 -0.335521 0.710516 -0.535122 0.310222
23500.000000 8400.000000 -37.323872 -51.493608 -3.594330 -0.320984 0.654318 -0.619254 0.292169
23500.000000 8500.000000 -37.237747 -52.753329 -4.120421 -0.329563 0.630117 -0.618551 0.334267
23500.000000 8550.000000 -37.301747 -52.408250 -3.315315 -0.347675 0.652732 -0.609450 0.285718
23550.000000 8400.000000 -37.669148 -54.348787 -3.969244 0.358775 -0.609412 0.620627 -0.338703
23550.000000 8350.000000 -37.064649 -54.279073 -3.840697 0.346022 -0.626428 0.635376 -0.290091
23550.000000 8600.000000 -38.672782 -54.555870 -3.932020 0.358026 -0.612651 0.616427 -0.341312
23600.000000 8350.000000 -38.677447 -55.907552 -3.448967 -0.400058 0.629976 -0.565092 0.351789
23600.000000 8400.000000 -38.270274 -56.625492 -3.403579 -0.414618 0.618507 -0.557926 0.366414
23600.000000 8300.000000 -37.754773 -51.696945 -2.602938 -0.335630 0.685370 -0.600608 0.238518
23650.000000 8250.000000 -38.132321 -56.262036 -3.848830 0.431366 -0.590377 0.620405 -0.283683
23650.000000 8300.000000 -38.346970 -57.117347 -3.348810 0.445351 -0.593001 0.594285 -0.311188
23650.000000 8200.000000 -35.663541 -60.678608 -5.001444 0.548103 -0.360857 0.631125 -0.413579
23700.000000 8250.000000 -39.222418 -59.261352 -3.337636 0.475696 -0.547004 0.585621 -0.362694
23700.000000 8200.000000 -38.611045 -58.775552 -3.555997 0.454708 -0.547082 0.606942 -0.354349
23700.000000 9950.000000 -38.777176 -58.631998 -3.704232 0.465947 -0.541106 0.611661 -0.340541
23750.000000 9950.000000 -39.101524 -62.099170 -3.179650 0.523577 -0.483627 0.517138 -0.473856
23750.000000 8250.000000 -41.784579 -60.853978 -1.664688 0.511828 -0.537013 0.547597 -0.387024
23750.000000 8200.000000 -39.584705 -61.523249 -2.758658 0.519699 -0.501338 0.536624 -0.436587
23800.000000 8100.000000 -37.692453 -64.761530 -3.578729 0.479885 -0.471546 0.542813 -0.502701
23800.000000 8150.000000 -37.597645 -64.968204 -3.531398 0.491498 -0.467110 0.535613 -0.503344
23800.000000 8550.000000 -31.664258 -60.651852 -6.501769 0.386748 -0.452705 0.613632 -0.518594
23850.000000 8550.000000 -40.179880 -67.970434 -2.957532 0.473124 -0.458737 0.543490 -0.519936
23850.000000 8600.000000 -40.594200 -71.297491 -2.584050 -0.502209 0.427825 -0.514245 0.548001
23850.000000 8650.000000 -45.803771 -72.524790 -4.237734 -0.536345 0.380680 -0.492502 0.569964
23900.000000 8550.000000 -36.646558 -69.697591 -3.243787 0.457642 -0.472791 0.548066 -0.516387
23900.000000 8600.000000 -37.653460 -70.592046 -2.729840 0.471315 -0.468554 0.533154 -0.523513
23900.000000 8650.000000 -45.852378 -77.681064 -3.819086 -0.554877 0.386031 -0.441096 0.590361
23950.000000 8550.000000 -34.078611 -70.291121 -2.701352 0.462111 -0.472249 0.534328 -0.527188
23950.000000 8600.000000 -36.494543 -72.697788 -2.545280 -0.496873 0.446793 -0.505906 0.545484
23950.000000 8650.000000 -64.055709 -79.936525 -9.595429 -0.568669 0.344239 -0.464476 0.585130
24000.000000 8350.000000 -32.200260 -72.239296 -1.774652 -0.558776 0.382593 -0.477246 0.560025
24000.000000 8250.000000 -35.390533 -72.709997 -1.085258 0.552608 -0.406313 0.489899 -0.538083
24000.000000 8550.000000 -29.993306 -67.856297 -3.000954 -0.505878 0.391322 -0.540551 0.546589
24050.000000 8250.000000 -33.317470 -72.049917 -0.987871 0.588589 -0.367663 0.430184 -0.577346
24050.000000 8350.000000 -33.369673 -75.778915 -0.224401 0.618512 -0.347588 0.397828 -0.581686
24050.000000 8150.000000 -29.785427 -67.150638 -3.153082 -0.538186 0.351039 -0.486899 0.591656
24100.000000 8350.000000 -28.595590 -70.583403 -1.132169 0.588849 -0.358792 0.425528 -0.586048
24100.000000 8250.000000 -31.614326 -70.818968 -0.695620 0.581859 -0.382894 0.429600 -0.574697
24100.000000 8150.000000 -28.166426 -66.498555 -2.457675 -0.538863 0.369516 -0.487309 0.579322
24150.000000 8250.000000 -28.646306 -67.363805 -1.249487 -0.516463 0.424186 -0.497686 0.552848
24150.000000 8450.000000 -42.655269 -73.895208 1.922717 0.702508 -0.349179 0.265487 -0.560422
24150.000000 8400.000000 -29.609407 -69.579412 -1.261224 -0.542168 0.393345 -0.477208 0.568865
24200.000000 8450.000000 -26.077053 -65.804604 -1.321405 0.449198 -0.491053 0.551346 -0.503096
24200.000000 8350.000000 -23.066512 -66.503853 -1.408987 0.449335 -0.476447 0.560001 -0.507441
24200.000000 8550.000000 -62.422553 -95.685497 5.777721 0.627131 -0.414752 0.323476 -0.574500
24250.000000 8450.000000 -35.142762 -71.998549 -0.407441 0.590575 -0.465504 0.392858 -0.529330
24250.000000 8400.000000 -22.761701 -66.322584 -1.014276 0.423380 -0.502141 0.574582 -0.488323
24250.000000 8600.000000 nan nan nan nan nan nan nan
24300.000000 8450.000000 nan nan nan nan nan nan nan
24300.000000 8400.000000 nan nan nan nan nan nan nan
24350.000000 8600.000000 nan nan nan nan nan nan nan
24350.000000 8550.000000 nan nan nan nan nan nan nan
24350.000000 8650.000000 nan nan nan nan nan nan nan
24950.000000 8450.000000 nan nan nan nan nan nan nan
25050.000000 8650.000000 nan nan nan nan nan nan nan
28300.000000 14950.000000 -57.426734 -426.409055 188.614910 0.824263 -0.073443 0.181895 -0.531141
28350.000000 14900.000000 51.420336 -82.086372 27.758886 0.690233 -0.133903 0.173097 -0.689699
28400.000000 14350.000000 42.484277 -73.849596 20.889830 -0.576006 0.178772 -0.490904 0.628706
28400.000000 14900.000000 51.152839 -82.851434 27.206495 -0.682838 0.104163 -0.210698 0.691729
28400.000000 14400.000000 44.995280 -93.379490 29.150921 0.694211 -0.131333 0.202817 -0.678003
28450.000000 14500.000000 52.636231 -95.644132 30.352443 -0.681543 0.108878 -0.189502 0.698379
28450.000000 14450.000000 46.245745 -92.596256 28.261179 -0.666081 0.154744 -0.209158 0.699031
28450.000000 14550.000000 50.174480 -91.116976 29.771936 -0.669513 0.152023 -0.201630 0.698561
28500.000000 14550.000000 51.145084 -90.077777 30.613714 -0.673706 0.193293 -0.221718 0.677937
28500.000000 14500.000000 46.278262 -94.879081 28.923572 -0.665860 0.183920 -0.234419 0.683997
28500.000000 14600.000000 48.814477 -91.354757 30.940512 -0.676554 0.196117 -0.212001 0.677398
28550.000000 14600.000000 53.117750 -91.487427 32.407693 0.684854 -0.212186 0.212227 -0.664012
28550.000000 14650.000000 47.558227 -86.172260 30.587314 0.657086 -0.263403 0.267923 -0.653509
28550.000000 14500.000000 45.673067 -93.784856 28.900658 -0.655563 0.223471 -0.285470 0.662423
28600.000000 14600.000000 54.073204 -88.334894 32.715696 0.680521 -0.239028 0.240941 -0.649388
28600.000000 14650.000000 51.169670 -83.265079 28.471296 0.647516 -0.249394 0.318892 -0.645626
28600.000000 14450.000000 48.791100 -85.056301 28.230654 0.646407 -0.255019 0.326027 -0.640960
28650.000000 14600.000000 54.231660 -86.254215 31.187170 -0.649849 0.201681 -0.238920 0.692776
28650.000000 14650.000000 53.173329 -83.318134 29.122866 -0.636554 0.209558 -0.279728 0.687485
28650.000000 14700.000000 52.623685 -82.851598 29.263972 -0.631782 0.218338 -0.298094 0.681410
28700.000000 14650.000000 54.219004 -80.700568 28.618996 -0.643986 0.221144 -0.298122 0.668955
28700.000000 14700.000000 54.193794 -80.894934 28.866711 -0.643051 0.223333 -0.310018 0.663700
28700.000000 14600.000000 55.611903 -84.480420 32.503220 -0.668188 0.226558 -0.225221 0.671917
28750.000000 14650.000000 54.996713 -83.147978 30.318387 0.686981 -0.179850 0.225717 -0.666906
28750.000000 14700.000000 55.115149 -80.040905 31.000340 0.688365 -0.197294 0.271505 -0.643051
28750.000000 14500.000000 53.099670 -84.443092 30.333086 0.684284 -0.179398 0.251346 -0.660604
28800.000000 14700.000000 56.135373 -83.460348 28.344147 -0.661576 0.159892 -0.222096 0.698159
28800.000000 14650.000000 62.752678 -88.853418 33.941559 0.709225 -0.134396 0.085238 -0.686784
28800.000000 14850.000000 36.520217 -71.622752 26.984571 -0.507304 0.442047 -0.439072 0.595360
28850.000000 14700.000000 63.910155 -75.894418 29.771970 0.706763 -0.088614 0.066099 -0.698760
28850.000000 14650.000000 58.109348 -67.699858 28.200477 0.626427 -0.168002 0.559740 -0.515805
28850.000000 14800.000000 60.672746 -76.925292 29.598917 0.693986 -0.118449 0.181369 -0.686629
28900.000000 14850.000000 65.988075 -95.127351 30.176158 0.705079 0.012943 0.074968 -0.705036
28900.000000 14700.000000 59.938566 -68.619172 27.680207 -0.611976 0.197446 -0.336928 0.687736
28900.000000 14750.000000 61.089790 -68.334922 28.451856 -0.636083 0.223636 -0.287220 0.680360
28950.000000 14700.000000 60.700061 -69.744762 28.452986 0.708115 -0.080919 0.157628 -0.683505
28950.000000 14900.000000 65.726422 -131.850018 116.477649 0.925873 -0.079659 -0.027706 -0.368301
28950.000000 14850.000000 54.084564 -71.072422 27.354182 -0.658338 0.208273 -0.214504 0.690798
29000.000000 14950.000000 61.329321 -73.473617 28.978273 0.737622 0.050687 0.014958 -0.673142
29000.000000 14900.000000 63.803150 -61.646718 25.164900 -0.557019 0.047244 0.147182 0.815987
29000.000000 14700.000000 60.849582 -68.197017 28.410768 0.731205 0.011254 0.080337 -0.677318
29050.000000 15000.000000 60.483075 -66.804654 28.225871 0.700853 0.281519 -0.220435 -0.617220
29050.000000 15100.000000 60.362300 -66.202420 28.056335 0.700270 0.262161 -0.241998 -0.618329
29050.000000 15050.000000 61.227989 -64.975789 28.174155 0.692569 0.299704 -0.266487 -0.599592
29100.000000 14150.000000 nan nan nan nan nan nan nan
29100.000000 14300.000000 58.728079 -65.025156 27.724609 0.621385 0.507457 -0.415273 -0.428855
29100.000000 14100.000000 nan nan nan nan nan nan nan
29150.000000 14300.000000 58.302944 -64.855115 27.458585 0.514714 0.674813 -0.426570 -0.312625
29150.000000 14350.000000 58.739190 -65.032829 27.908681 0.551512 0.655446 -0.419554 -0.300333
29150.000000 14150.000000 nan nan nan nan nan nan nan
29200.000000 14100.000000 nan nan nan nan nan nan nan
29200.000000 14300.000000 57.253535 -65.588872 26.982939 0.477435 0.709781 -0.428858 -0.290425
29200.000000 14050.000000 nan nan nan nan nan nan nan
29250.000000 14050.000000 57.645719 -65.532764 27.610795 0.512939 0.680815 -0.443090 -0.277589
29250.000000 14100.000000 nan nan nan nan nan nan nan
29250.000000 14200.000000 nan nan nan nan nan nan nan
29300.000000 14050.000000 nan nan nan nan nan nan nan
29350.000000 14050.000000 54.343559 -66.387355 25.882067 0.436397 0.677413 -0.529728 -0.264683
29350.000000 14000.000000 nan nan nan nan nan nan nan
29400.000000 14000.000000 53.025227 -68.122507 26.315251 0.412582 0.710496 -0.509726 -0.255245
29400.000000 14050.000000 53.168956 -67.625065 26.212751 0.423660 0.701056 -0.523755 -0.233910
30000.000000 26800.000000 39.439327 -78.220512 16.968800 0.442630 0.687381 -0.544886 0.186239
30000.000000 26850.000000 40.249151 -81.428532 20.764459 0.184756 0.727291 -0.650053 -0.119767
30000.000000 26900.000000 43.334450 -81.047636 21.843854 0.229889 0.731609 -0.596930 -0.235742
30050.000000 26900.000000 40.462993 -82.948214 21.333919 0.133777 0.748884 -0.633686 -0.140421
30050.000000 26850.000000 39.220342 -83.066310 20.621768 0.111524 0.733431 -0.664809 -0.087585
30050.000000 26800.000000 39.227427 -83.212192 21.080759 0.098540 0.754997 -0.642136 -0.089055
30100.000000 26900.000000 39.332543 -84.790486 21.366697 0.155702 0.720719 -0.667493 -0.103803
30100.000000 26950.000000 39.516398 -84.425158 19.102012 -0.183334 -0.628814 0.750574 0.087297
30100.000000 27000.000000 49.494553 -81.583780 29.198417 0.192629 0.818193 -0.412441 -0.351209
30150.000000 26950.000000 38.235315 -86.641079 21.312739 0.088995 0.768388 -0.628582 -0.080898
30150.000000 27000.000000 40.189279 -83.711970 23.622885 0.105319 0.814679 -0.553722 -0.136373
30150.000000 26900.000000 38.134248 -86.910220 21.099476 0.086429 0.740719 -0.663922 -0.055437
30200.000000 27000.000000 41.996644 -86.602320 21.422003 0.192186 0.697675 -0.668884 -0.170022
30200.000000 27050.000000 37.869489 -87.914916 20.670009 -0.029949 -0.677384 0.734902 0.013158
30200.000000 26950.000000 37.840294 -88.300381 20.854765 -0.043129 -0.687482 0.724861 0.009263
30250.000000 27100.000000 38.807342 -84.403445 22.868493 -0.018888 0.708712 -0.702920 -0.057222
30250.000000 27050.000000 37.596024 -89.025439 20.951690 -0.000255 -0.647474 0.762060 -0.006512
30250.000000 27000.000000 44.306477 -82.121946 23.576275 0.078170 0.715310 -0.677206 -0.153665
30300.000000 27150.000000 38.528416 -87.712622 22.543557 0.021552 -0.671796 0.740418 -0.002675
30300.000000 27100.000000 36.271027 -94.186448 17.067072 -0.157112 -0.365118 0.699844 -0.593484
30300.000000 27200.000000 38.120720 -87.456019 21.481243 0.011356 -0.652043 0.757386 -0.032832
30350.000000 27200.000000 37.958297 -90.263187 22.915232 0.030614 -0.686064 0.726792 0.012375
30350.000000 27150.000000 37.396362 -90.659878 22.249106 0.021631 -0.659173 0.749819 -0.052868
30350.000000 27100.000000 44.686977 -91.644998 26.116212 0.072894 0.792086 -0.499922 -0.342585
30400.000000 27200.000000 38.007189 -91.212082 23.353314 0.024419 -0.694270 0.719270 0.006625
30400.000000 27250.000000 39.668923 -86.985169 24.934988 -0.008986 0.732381 -0.678984 -0.050181
30400.000000 27150.000000 37.542217 -91.827289 22.711475 0.014597 -0.666343 0.743696 -0.051868
30450.000000 27300.000000 39.807370 -89.170082 24.023509 0.034491 -0.669410 0.740014 0.055492
30450.000000 27250.000000 39.145082 -90.083787 27.652022 -0.143184 0.749192 -0.640260 -0.090976
30450.000000 27200.000000 37.493347 -94.481930 22.934890 0.052759 -0.618770 0.780127 -0.075779
30500.000000 27300.000000 38.133390 -95.700643 24.770174 0.102214 -0.676335 0.728383 0.039755
30500.000000 27350.000000 37.299762 -93.862604 23.433163 0.031132 -0.640384 0.762052 -0.090642
30500.000000 27400.000000 37.895167 -95.187349 22.734742 0.052011 -0.614103 0.784598 -0.067661
30550.000000 27350.000000 37.320732 -94.778589 24.666446 0.105317 -0.672648 0.729749 -0.062611
30550.000000 27400.000000 37.495869 -92.458322 23.795880 0.109188 -0.646210 0.754038 -0.043780
30550.000000 27300.000000 37.549760 -96.048364 24.467804 0.186238 -0.619403 0.762644 -0.005528
30600.000000 27400.000000 37.817389 -96.737165 23.675357 0.105311 -0.615549 0.774278 -0.102483
30600.000000 27450.000000 37.946871 -97.888930 23.785967 0.088666 -0.617754 0.773742 -0.108820
30600.000000 27350.000000 30.776238 -94.827341 23.373466 0.179181 -0.612342 0.741904 -0.206180
30650.000000 27500.000000 38.067104 -99.011716 24.355460 0.093888 -0.613009 0.773858 -0.128645
30650.000000 27450.000000 37.992034 -99.304135 24.604279 0.100409 -0.615278 0.770152 -0.134969
30650.000000 27550.000000 37.688743 -99.651723 23.740543 0.111618 -0.590813 0.782398 -0.162278
30700.000000 27550.000000 37.567357 -100.666533 24.659705 0.141461 -0.612695 0.761103 -0.159108
30700.000000 27500.000000 37.807019 -99.540230 24.310657 0.125681 -0.613919 0.764434 -0.151487
30700.000000 27600.000000 37.965528 -100.975876 24.804843 0.120054 -0.615491 0.763606 -0.153833
30750.000000 27600.000000 -78.611650 -140.285847 159.705749 -0.329754 0.841611 -0.047525 0.425083
30750.000000 27650.000000 38.685254 -104.155895 25.315693 0.212211 -0.571683 0.768636 -0.193246
30750.000000 27550.000000 37.594508 -97.047112 25.486535 0.154564 -0.630999 0.741187 -0.169092
30800.000000 27650.000000 38.991446 -102.281701 26.440573 0.155698 -0.624344 0.738819 -0.200248
30800.000000 27700.000000 39.959521 -99.676111 27.495275 0.080307 -0.677231 0.723128 -0.109520
30800.000000 27750.000000 49.852378 -108.519730 31.282636 0.154602 -0.606495 0.776784 -0.069770
30850.000000 27700.000000 39.302663 -105.474208 26.247254 0.214451 -0.572943 0.752618 -0.243544
30850.000000 27750.000000 41.328651 -106.947316 26.676164 0.181688 -0.583596 0.762735 -0.211283
30850.000000 27650.000000 41.801314 -108.976155 27.843577 0.215879 -0.575584 0.752552 -0.236144
30900.000000 27800.000000 44.720605 -109.067595 27.837943 0.259741 -0.563421 0.720263 -0.310341
30900.000000 27700.000000 45.936157 -106.494455 28.234602 0.213700 -0.587230 0.745390 -0.232136
30900.000000 27750.000000 40.333257 -106.902747 27.027206 0.279101 -0.560227 0.720784 -0.297857
30950.000000 27800.000000 44.968573 -110.031290 74.242812 0.731651 -0.631501 0.256446 0.011370
30950.000000 27700.000000 50.281220 -106.051234 30.892921 0.187984 -0.629957 0.738371 -0.150413
30950.000000 27750.000000 51.657569 -107.579903 31.552548 0.182579 -0.629213 0.741645 -0.143938
31000.000000 27800.000000 42.471084 -106.833091 31.840092 0.353069 -0.568062 0.703191 -0.241185
31000.000000 27750.000000 48.199528 -107.294623 30.138043 0.219194 -0.608189 0.734829 -0.205152
31000.000000 27700.000000 47.049137 -106.520079 29.845197 0.243932 -0.601979 0.731783 -0.206428
31050.000000 27800.000000 55.923374 -102.150233 30.582892 0.035931 -0.647340 0.759090 -0.058675
31050.000000 27750.000000 49.188010 -106.820576 29.911314 0.119774 -0.627885 0.751358 -0.163941
31050.000000 27700.000000 46.472711 -108.383618 28.453835 0.179530 -0.580173 0.756513 -0.242602
31100.000000 27700.000000 39.513827 -106.190398 26.212223 0.181695 -0.609363 0.727050 -0.258962
31100.000000 27750.000000 42.516530 -106.449498 27.723517 0.045911 -0.689610 0.693170 -0.204561
31100.000000 27800.000000 44.821345 -115.693421 28.809925 0.290478 -0.559596 0.687002 -0.361252
31150.000000 27750.000000 41.141952 -105.646758 26.740098 0.135733 -0.683612 0.684889 -0.212552
31150.000000 27700.000000 33.665962 -103.075195 20.325063 0.340161 -0.450487 0.816769 -0.119333
31150.000000 27800.000000 42.819217 -115.406946 26.723766 0.296229 -0.587389 0.637685 -0.400724
31200.000000 27700.000000 39.108743 -105.643715 26.159305 -0.071924 0.719854 -0.676516 0.137710
31200.000000 27750.000000 40.108600 -107.540405 26.579788 -0.091453 0.706688 -0.688384 0.135485
31200.000000 27800.000000 38.294538 -105.564797 27.119730 -0.165138 0.711051 -0.673893 0.114035
38000.000000 8000.000000 -39.545607 -102.783053 -2.148818 0.721158 0.062401 0.113297 -0.680589
38000.000000 9700.000000 -34.164625 -104.814537 -1.069984 0.715720 0.062972 0.115504 -0.685885
38000.000000 8050.000000 -62.681904 -85.362345 -5.596091 0.678103 -0.148942 0.270226 -0.667061
38050.000000 8000.000000 -36.687767 -88.645377 -1.013336 0.733747 0.046570 0.057424 -0.675388
38050.000000 9700.000000 -39.268637 -97.227661 -2.751798 0.713609 0.013922 0.072026 -0.696693
38050.000000 8050.000000 -33.024383 -113.460547 -1.721965 0.714356 0.086677 0.003686 -0.694384
38100.000000 8000.000000 -30.834645 -130.296635 3.141236 0.728682 0.145916 -0.002486 -0.669122
38100.000000 9750.000000 -37.531483 -94.157356 -1.592128 0.725243 0.069955 0.071865 -0.681149
38100.000000 9700.000000 -40.813878 -99.430185 -2.812033 0.714102 0.046724 0.093003 -0.692261
38150.000000 8000.000000 -33.511677 -79.317904 -2.068202 0.735742 0.084191 0.083971 -0.666742
38150.000000 9750.000000 -33.695170 -76.499998 -2.435648 0.733924 0.030836 0.077699 -0.674068
38150.000000 9700.000000 -43.508426 -102.390990 -3.092769 0.717967 -0.002636 0.121164 -0.685445
38200.000000 8000.000000 -35.681148 -87.885218 -1.962537 0.731504 0.045957 0.021829 -0.679937
38200.000000 9700.000000 -38.451656 -92.336345 -2.856081 0.723516 0.009771 0.055755 -0.687983
38200.000000 9750.000000 -42.182455 -105.427797 -0.696892 0.737705 0.025163 0.068736 -0.671144
38250.000000 9700.000000 -38.154506 -89.791720 -2.815653 0.708319 0.062413 0.073103 -0.699317
38250.000000 9750.000000 -35.353470 -119.706639 5.581009 0.742204 0.129913 0.004477 -0.657446
38250.000000 9000.000000 -27.453908 -78.164138 -0.643464 0.706897 0.201328 -0.012241 -0.677948
38300.000000 8000.000000 -274.323440 -51.320016 78.530790 0.909856 -0.078864 0.396585 -0.093078
38300.000000 9100.000000 -31.002784 -85.630920 -0.870687 0.720236 0.159718 -0.030091 -0.674422
38300.000000 9150.000000 -34.332678 -87.954638 -2.064665 0.715303 0.120912 -0.025901 -0.687787
38350.000000 9700.000000 -36.174229 -84.064376 -2.839625 0.712438 0.089603 0.014670 -0.695836
38350.000000 9100.000000 -31.606267 -83.682226 -0.939659 0.723919 0.172610 -0.020533 -0.667627
38350.000000 8000.000000 -34.717235 -72.600298 -2.719986 0.725291 0.095705 0.046319 -0.680183
38400.000000 8000.000000 nan nan nan nan nan nan nan
38400.000000 9700.000000 -36.530856 -82.134521 -2.850770 0.738132 0.071720 0.054604 -0.668608
38400.000000 9750.000000 -34.024932 -75.027052 -2.273188 0.758680 0.090033 0.053226 -0.643013
38450.000000 9700.000000 -38.719389 -81.097883 -3.814022 0.715263 0.048503 0.086297 -0.691808
38450.000000 8000.000000 -35.243821 -73.412969 -2.912816 0.732645 0.081068 0.068165 -0.672319
38450.000000 9750.000000 -34.287906 -74.724003 -2.323202 0.744457 0.078124 0.035963 -0.662108
38500.000000 9700.000000 -36.642078 -75.938164 -3.351559 -0.701299 -0.047148 -0.075085 0.707332
38500.000000 8000.000000 -34.903838 -73.029388 -3.187189 0.708358 0.068906 0.055569 -0.700280
38500.000000 9750.000000 -31.312599 -69.980988 14.173668 0.939993 0.274716 -0.138826 -0.147213
38550.000000 9700.000000 -37.158101 -77.319675 -3.350692 0.710227 0.087351 0.044290 -0.697127
38550.000000 8000.000000 -37.528614 -77.987122 -3.270309 0.715230 0.095794 0.040426 -0.691112
38550.000000 9250.000000 -31.934189 -77.446252 -2.275337 0.716684 0.162461 -0.043095 -0.676841
38600.000000 9700.000000 -37.631487 -76.132929 -3.755457 -0.697850 -0.086397 -0.046725 0.709477
38600.000000 9200.000000 -29.975712 -64.621262 -6.294711 -0.566192 -0.268436 0.237834 0.742162
38600.000000 9250.000000 -31.774765 -75.593455 -2.171569 0.712057 0.152951 -0.038559 -0.684173
38650.000000 9700.000000 -37.244316 -73.591897 -3.372307 0.719752 0.054067 0.028112 -0.691551
38650.000000 8000.000000 -38.294770 -74.801421 -2.958582 0.733171 0.073917 0.033850 -0.675167
38650.000000 9750.000000 -35.024905 -71.000746 -3.599489 0.709779 0.068644 -0.018791 -0.700820
38700.000000 9700.000000 -35.790202 -76.022061 -2.926647 0.712596 0.109662 0.001265 -0.692950
38700.000000 9600.000000 -28.530371 -68.601826 -1.816044 0.716403 0.196673 -0.051964 -0.667372
38700.000000 9350.000000 -41.001351 -76.220494 -2.971258 0.733762 0.041596 0.034604 -0.677249
38750.000000 9700.000000 -35.597658 -73.975684 -2.775065 0.705817 0.091405 0.002169 -0.702469
38750.000000 9600.000000 -29.955014 -67.193084 -2.134727 0.716867 0.135016 -0.057207 -0.681615
38750.000000 9400.000000 -37.664406 -72.267353 -2.898239 0.717064 0.064905 -0.002120 -0.693976
38800.000000 9700.000000 -34.967779 -71.575105 -2.728418 0.722216 0.151113 -0.012779 -0.674837
38800.000000 9600.000000 -28.914018 -66.312952 -1.852704 0.722057 0.252834 -0.079507 -0.639052
38800.000000 9400.000000 -39.729756 -70.113029 -3.012039 0.737163 0.100927 0.004542 -0.668120
38850.000000 9700.000000 -34.507031 -71.298848 -2.803897 -0.696183 -0.146411 0.020298 0.702482
38850.000000 9600.000000 -32.088993 -67.331281 -2.442149 0.709041 0.132439 -0.010953 -0.692532
38850.000000 9650.000000 -37.405449 -66.765219 -3.603078 -0.701491 -0.116899 0.031737 0.702309
38900.000000 9700.000000 -36.360702 -69.481192 -3.030301 -0.689891 -0.124666 0.012326 0.712992
38900.000000 9600.000000 -39.525842 -68.676608 -4.474227 -0.675755 0.050525 -0.041712 0.734209
38900.000000 9650.000000 -38.393817 -65.188375 -3.911715 -0.691960 -0.099552 0.034261 0.714218
38950.000000 9700.000000 -36.797478 -66.604637 -3.423627 -0.692746 -0.127319 -0.003371 0.709846
38950.000000 9600.000000 -30.555335 -64.595634 -2.210299 0.702092 0.204624 -0.026420 -0.681540
38950.000000 9650.000000 -37.432691 -62.998007 -3.232581 0.701973 0.132009 0.006965 -0.699828
39000.000000 9700.000000 -35.472198 -65.790966 -2.971821 0.705038 0.082347 0.045716 -0.702888
39000.000000 9600.000000 -28.046400 -64.140328 -1.856921 0.696557 0.265155 -0.095633 -0.659815
39000.000000 9650.000000 -38.528759 -62.859611 -3.665218 0.708230 0.061024 0.045107 -0.701891
39050.000000 9700.000000 -37.314402 -62.046767 -3.105580 -0.700797 -0.068947 -0.021993 0.709681
39050.000000 9600.000000 -28.156673 -64.045667 -1.975145 0.699181 0.265344 -0.146841 -0.647438
39050.000000 9650.000000 -37.925750 -59.669432 -3.406020 -0.703700 -0.071259 -0.007802 0.706872
39100.000000 9700.000000 -36.551657 -60.198864 -3.458252 -0.698946 -0.031257 0.013697 0.714360
39100.000000 9600.000000 -29.254952 -63.754204 -2.210064 0.719738 0.190690 -0.064983 -0.664373
39100.000000 9650.000000 -41.081698 -61.168477 -4.058315 -0.694942 0.015155 -0.044564 0.717524
39150.000000 9700.000000 -34.239752 -57.601214 -3.437905 -0.705291 0.021383 -0.055693 0.706403
39150.000000 8000.000000 nan nan nan nan nan nan nan
39150.000000 9750.000000 -73.525603 -59.600403 -3.970727 0.596392 -0.357291 0.435575 -0.571781
39200.000000 9700.000000 -34.630109 -54.808654 -3.642128 -0.690386 0.021074 -0.084491 0.718181
39200.000000 8000.000000 nan nan nan nan nan nan nan
39200.000000 9750.000000 -35.157401 -71.321218 -2.847307 -0.694879 0.010977 -0.099767 0.712088
39250.000000 9700.000000 -24.128516 -76.512303 -1.886746 -0.696879 -0.106720 0.036324 0.708273
39250.000000 8000.000000 nan nan nan nan nan nan nan
39250.000000 9750.000000 -35.117400 -70.585679 -1.179142 0.724510 -0.154987 -0.000265 -0.671613
39300.000000 9700.000000 -38.320351 -82.741409 -2.205367 -0.698851 0.052565 -0.142643 0.698926
39300.000000 8000.000000 nan nan nan nan nan nan nan
39300.000000 9750.000000 -32.880561 -65.431967 -2.481872 -0.700742 0.056611 -0.066898 0.708012
39350.000000 9700.000000 -35.439504 -83.836230 -1.857625 0.717041 0.012414 0.085033 -0.691713
39350.000000 8000.000000 nan nan nan nan nan nan nan
39350.000000 9750.000000 -36.570959 -65.627112 -0.983810 0.747286 -0.075978 0.043481 -0.658711
39400.000000 9700.000000 -32.547916 -55.072454 -3.231243 0.713399 -0.019818 -0.036391 -0.699532
39400.000000 8000.000000 nan nan nan nan nan nan nan
39400.000000 9750.000000 -43.140188 -26.624278 -2.617863 0.341201 -0.622310 0.697993 0.095493
39450.000000 9700.000000 -30.392899 -69.534241 -2.277089 0.718062 0.051718 0.040942 -0.692846
39450.000000 8000.000000 nan nan nan nan nan nan nan
39450.000000 9750.000000 nan nan nan nan nan nan nan
39500.000000 9700.000000 nan nan nan nan nan nan nan
39500.000000 9750.000000 -33.459543 -64.988006 -2.569534 0.722790 0.032430 0.060413 -0.687658
39500.000000 8000.000000 nan nan nan nan nan nan nan
39550.000000 9700.000000 nan nan nan nan nan nan nan
39550.000000 8000.000000 -31.078325 -72.869865 7.506405 0.611882 -0.428992 -0.383535 -0.542648
39550.000000 9750.000000 -33.403437 -60.792898 -2.836357 0.710774 -0.008399 0.009676 -0.703304
39600.000000 9700.000000 nan nan nan nan nan nan nan
39600.000000 8000.000000 nan nan nan nan nan nan nan
39600.000000 9750.000000 -35.422959 -59.094133 -2.397517 0.713659 -0.039213 0.073981 -0.695471
39650.000000 9700.000000 -30.083288 -84.632487 -0.516605 0.726364 0.047034 0.046117 -0.684146
39650.000000 8000.000000 nan nan nan nan nan nan nan
39650.000000 9750.000000 -33.396170 -58.811337 -3.059285 0.719061 0.054143 0.048082 -0.691164
39700.000000 9700.000000 -54.481857 93.797866 -12.758924 0.677969 0.016289 0.174354 0.713928
39700.000000 8000.000000 nan nan nan nan nan nan nan
39700.000000 9750.000000 nan nan nan nan nan nan nan
39750.000000 9700.000000 -31.815596 55.672888 -3.674941 0.719473 -0.091954 0.043911 0.687005
39750.000000 9750.000000 -33.517259 -60.599874 -2.777129 0.708226 0.073957 0.074823 -0.698103
39750.000000 8000.000000 nan nan nan nan nan nan nan
39800.000000 9750.000000 -33.468235 -54.687137 -3.265210 -0.697386 -0.036551 -0.054713 0.713669
39800.000000 9700.000000 nan nan nan nan nan nan nan
39800.000000 8000.000000 nan nan nan nan nan nan nan
39850.000000 9700.000000 nan nan nan nan nan nan nan
39850.000000 9750.000000 nan nan nan nan nan nan nan
39850.000000 8000.000000 nan nan nan nan nan nan nan
39900.000000 9750.000000 nan nan nan nan nan nan nan
39900.000000 9700.000000 nan nan nan nan nan nan nan
39900.000000 8000.000000 nan nan nan nan nan nan nan
39950.000000 8000.000000 nan nan nan nan nan nan nan
39950.000000 9700.000000 -37.007498 22.959187 -3.696996 0.716033 -0.010146 0.099597 0.690850
39950.000000 9650.000000 nan nan nan nan nan nan nan
42000.000000 41950.000000 -2.550035 12.051933 -0.828377 0.092004 0.712912 -0.687748 -0.101461
42000.000000 41900.000000 -2.522155 11.600188 -1.150573 0.090453 0.707306 -0.697256 -0.073282
42000.000000 41850.000000 -6.195748 13.122448 -0.205092 -0.130115 0.738094 -0.660841 0.039707
42050.000000 41950.000000 -3.462676 10.312588 -1.278670 -0.107444 -0.698793 0.706203 0.037703
42050.000000 41900.000000 -3.562805 9.739802 -1.337706 -0.094656 -0.698334 0.708860 0.029788
42050.000000 41850.000000 -4.532025 11.360271 -0.037004 -0.100454 0.762249 -0.638244 -0.039109
42100.000000 41950.000000 -4.104395 7.964629 -1.292925 -0.008238 -0.690650 0.722528 -0.029800
42100.000000 41850.000000 -3.588407 8.526303 -1.124649 -0.016210 -0.703115 0.710616 -0.019785
42100.000000 41900.000000 -3.570383 8.310960 -1.199742 -0.004354 -0.694914 0.719077 0.001972
42150.000000 41850.000000 -3.196782 9.489633 -0.827876 -0.035622 0.714637 -0.695885 0.061391
42150.000000 41950.000000 -3.538005 8.697002 -0.909264 -0.041598 0.705081 -0.704782 0.066427
42150.000000 41750.000000 -25.691246 48.928788 26.969633 -0.091557 0.873547 -0.473327 0.067043
42200.000000 41800.000000 -2.797462 7.877625 -0.705473 0.088788 -0.690086 0.704055 -0.142143
42200.000000 41750.000000 -0.605868 9.450007 0.286505 -0.052745 0.723252 -0.681913 0.095494
42200.000000 41950.000000 -1.726543 13.353674 -0.373407 -0.039218 0.710178 -0.689546 0.136514
42250.000000 41800.000000 -3.873855 5.822448 -1.336270 0.164187 -0.663083 0.695507 -0.222786
42250.000000 41750.000000 nan nan nan nan nan nan nan
42250.000000 41950.000000 nan nan nan nan nan nan nan
42350.000000 41700.000000 nan nan nan nan nan nan nan
42350.000000 41800.000000 nan nan nan nan nan nan nan
