4000.000000 40850.000000 -34.137831 21.678550 -5.037749 0.715383 0.036183 0.088643 -0.692142
4000.000000 40800.000000 -34.664198 19.551379 -5.008431 0.711124 0.033822 0.094160 -0.695911
4000.000000 40750.000000 -34.973404 17.212679 -5.183214 -0.701403 -0.022460 -0.098146 0.705618
4050.000000 40850.000000 -34.252986 22.311791 -5.029536 -0.701798 -0.013616 -0.109241 0.703818
4050.000000 40900.000000 -33.113590 25.110044 -4.987707 -0.701904 -0.033909 -0.089879 0.705764
4050.000000 40800.000000 -34.500702 20.164686 -4.988852 -0.697537 -0.019909 -0.105917 0.708398
4100.000000 40850.000000 -34.179276 22.567662 -5.024738 -0.697867 -0.000524 -0.107142 0.708168
4100.000000 40800.000000 -34.460346 20.760435 -5.099687 -0.686416 -0.000749 -0.110403 0.718779
4100.000000 40900.000000 -33.152489 25.310280 -4.991637 -0.702036 -0.022585 -0.093163 0.705660
4150.000000 40850.000000 -34.103310 22.947948 -4.947438 0.706431 -0.041312 0.121256 -0.696092
4150.000000 40900.000000 -32.646373 25.260637 -4.774468 0.719065 0.010169 0.082142 -0.689996
4150.000000 40750.000000 -33.728940 19.818836 -4.939496 0.711087 0.007114 0.081708 -0.698304
4200.000000 40900.000000 -33.094570 26.238411 -4.913947 0.704333 -0.080418 0.171018 -0.684252
4200.000000 40850.000000 -33.031528 25.243286 -4.965316 0.706765 -0.072347 0.162807 -0.684648
4200.000000 40950.000000 -31.881773 28.354201 -4.869866 0.708262 -0.076872 0.163270 -0.682494
4250.000000 40950.000000 -31.550232 29.108382 -4.870403 -0.683724 0.124721 -0.208976 0.687965
4250.000000 40900.000000 -32.519010 27.068653 -4.881848 -0.683139 0.122188 -0.208224 0.689227
4250.000000 40850.000000 -32.961049 25.223565 -4.904133 -0.684492 0.125632 -0.208732 0.687108
4300.000000 41000.000000 -32.781055 29.358296 -4.929261 0.676178 -0.177761 0.311803 -0.643399
4300.000000 40950.000000 -32.583296 28.658632 -4.893672 0.675665 -0.186689 0.298600 -0.647659
4300.000000 40900.000000 -32.459272 26.986549 -4.862778 0.682143 -0.163461 0.283740 -0.653799
4350.000000 41000.000000 -31.055167 30.222063 -4.799059 0.633979 -0.280133 0.375225 -0.615468
4350.000000 41050.000000 -30.637781 31.073510 -4.746624 0.620888 -0.293744 0.399448 -0.607169
4350.000000 40950.000000 -31.168063 29.273897 -4.790692 0.640591 -0.285320 0.361215 -0.614622
4400.000000 41050.000000 -29.425661 31.764152 -4.682619 -0.557529 0.360400 -0.455502 0.593119
4400.000000 41100.000000 -27.833809 32.949774 -4.547651 -0.567659 0.351085 -0.463030 0.583186
4400.000000 41000.000000 -29.955671 30.586613 -4.699036 0.598625 -0.330888 0.419736 -0.596643
4450.000000 41100.000000 -27.634351 32.750459 -4.478435 -0.540885 0.425813 -0.469309 0.553061
4450.000000 41050.000000 -28.744197 31.913079 -4.524760 -0.526626 0.447050 -0.470241 0.549258
4450.000000 41150.000000 -26.092349 33.481072 -4.520196 -0.542267 0.402155 -0.462578 0.574665
4500.000000 41200.000000 -23.369366 34.535359 -4.001667 0.448802 -0.498810 0.568503 -0.475993
4500.000000 41150.000000 -24.987062 33.504547 -4.207478 0.485089 -0.451617 0.535205 -0.523724
4500.000000 41250.000000 -22.492906 34.930312 -3.647761 0.470800 -0.502424 0.552054 -0.470271
4550.000000 41250.000000 -20.162956 33.592908 -3.531714 0.412086 -0.548605 0.583916 -0.433889
4550.000000 41200.000000 -21.973721 33.793502 -3.786913 0.397228 -0.553273 0.595661 -0.425778
4550.000000 41300.000000 -18.685470 33.592740 -3.373188 0.400317 -0.550493 0.595022 -0.427379
4600.000000 41250.000000 -19.616231 33.263855 -3.452790 0.405607 -0.558770 0.603637 -0.398599
4600.000000 41300.000000 -18.074243 33.166274 -3.237914 0.402178 -0.558831 0.606994 -0.396888
4600.000000 41200.000000 -21.520351 33.441390 -3.700302 0.385369 -0.567116 0.616393 -0.387207
4650.000000 41250.000000 -19.121271 33.046632 -3.357000 0.376888 -0.587298 0.610056 -0.375325
4650.000000 41300.000000 -17.481982 32.859819 -3.143807 0.376723 -0.583590 0.611355 -0.379139
4650.000000 41350.000000 -15.821407 32.435009 -2.873790 0.377956 -0.579829 0.611412 -0.383566
4700.000000 41350.000000 -15.355871 32.222322 -2.789963 0.370288 -0.581972 0.610596 -0.389060
4700.000000 41300.000000 -17.068183 32.627035 -3.050050 0.374432 -0.583853 0.605139 -0.390798
4700.000000 41400.000000 -13.641156 31.895257 -2.562713 0.370264 -0.590585 0.603811 -0.386685
4750.000000 41350.000000 -14.917826 31.863668 -2.715122 0.366095 -0.567565 0.626310 -0.389333
4750.000000 41400.000000 -13.125673 31.534100 -2.495545 0.363891 -0.577868 0.620920 -0.384850
4750.000000 41450.000000 -11.545741 31.280158 -2.294965 0.362826 -0.571225 0.623899 -0.390909
4800.000000 41400.000000 -12.689295 31.293873 -2.429354 0.371780 -0.574990 0.610089 -0.398696
4800.000000 41450.000000 -11.112757 31.063364 -2.219171 0.370391 -0.569927 0.614789 -0.400035
4800.000000 41350.000000 -14.538607 31.745985 -2.643430 0.366246 -0.569753 0.619289 -0.397148
4850.000000 41450.000000 -10.691025 30.879983 -2.149420 0.390478 -0.567132 0.613906 -0.386015
4850.000000 41500.000000 -9.178577 30.590490 -1.968999 0.386005 -0.569323 0.616738 -0.382759
4850.000000 41400.000000 -12.290365 31.139669 -2.365069 0.396236 -0.567393 0.609254 -0.387134
4900.000000 41500.000000 -8.489330 30.198015 -1.858549 0.371516 -0.590982 0.609334 -0.376070
4900.000000 41450.000000 -10.110190 30.594609 -2.068830 0.371905 -0.587500 0.610967 -0.378484
4900.000000 41550.000000 -7.133368 30.001658 -1.646969 0.369847 -0.595871 0.606481 -0.374609
4950.000000 41550.000000 -6.539709 29.633916 -1.560915 0.382318 -0.594304 0.606288 -0.364760
4950.000000 41500.000000 -8.041175 29.937242 -1.780928 0.378098 -0.592886 0.610088 -0.365130
4950.000000 41600.000000 -5.278329 29.349806 -1.428897 0.370386 -0.594827 0.616560 -0.358955
5000.000000 41600.000000 -4.839907 29.167187 -1.389809 0.330046 -0.606284 0.629842 -0.356074
5000.000000 41550.000000 -5.927182 29.260559 -1.505324 0.353340 -0.599851 0.615961 -0.368675
5000.000000 41650.000000 -3.232000 28.034730 -1.184499 0.345272 -0.596619 0.621172 -0.372798
5050.000000 41650.000000 -2.915742 27.817801 -1.139236 0.345032 -0.596247 0.637278 -0.345425
5050.000000 41600.000000 -4.238308 28.673853 -1.280873 0.328209 -0.613847 0.642744 -0.319924
5050.000000 41550.000000 -5.555496 29.009107 -1.445823 0.352183 -0.603861 0.631513 -0.335427
5100.000000 41650.000000 -2.148051 27.147942 -1.003406 0.242901 -0.639855 0.664483 -0.300080
5100.000000 41700.000000 -1.117509 26.169166 -0.842916 0.243611 -0.633356 0.671536 -0.297579
5100.000000 41600.000000 -3.615776 28.033300 -1.166673 0.247277 -0.643211 0.662515 -0.293612
5150.000000 41700.000000 -0.706695 25.458016 -0.772578 0.140708 -0.680981 0.698577 -0.168687
5150.000000 41750.000000 -0.202144 24.381846 -0.708554 0.149485 -0.681216 0.696259 -0.169770
5150.000000 41650.000000 -1.899508 26.675687 -0.965144 0.140127 -0.684825 0.694015 -0.172399
5200.000000 41750.000000 -0.087470 23.575575 -0.684939 -0.009475 -0.705944 0.706531 -0.048650
5200.000000 41800.000000 -0.169290 22.216687 -0.646623 0.001133 0.707776 -0.704526 0.051909
5200.000000 41850.000000 -0.408601 20.827637 -0.686249 0.006555 0.706383 -0.706195 0.047635
5250.000000 41800.000000 -0.217300 21.447182 -0.627291 0.032357 0.718530 -0.694727 -0.004718
5250.000000 41850.000000 -0.461122 20.142439 -0.681899 0.035623 0.714473 -0.698705 -0.008408
5250.000000 41750.000000 -0.151252 22.981329 -0.688581 0.045409 0.712247 -0.700415 -0.007782
5300.000000 41850.000000 -0.610870 19.708561 -0.637416 0.074163 0.712110 -0.697904 -0.018162
5300.000000 41900.000000 -0.933372 18.267463 -0.707913 -0.076377 -0.703366 0.706008 0.031556
5300.000000 41800.000000 -0.384937 21.411460 -0.642546 0.053800 0.708087 -0.704055 -0.005078
5350.000000 41900.000000 -1.159872 17.343014 -0.701649 0.074052 0.719010 -0.690086 -0.036360
5350.000000 41950.000000 -1.599460 16.070938 -0.717001 0.071807 0.718827 -0.690191 -0.042054
5350.000000 41850.000000 -0.759006 19.234121 -0.597711 0.062883 0.727512 -0.683054 -0.014422
5400.000000 41950.000000 -1.806722 15.315650 -0.738516 -0.130703 -0.679466 0.718354 0.072182
5400.000000 41900.000000 -1.195063 17.120813 -0.685203 -0.132774 -0.678892 0.718480 0.072547
5400.000000 41850.000000 -0.688706 19.385327 -0.624109 -0.132520 -0.683092 0.715108 0.066668
5450.000000 41950.000000 -1.917916 15.016945 -0.719882 0.104118 0.723437 -0.681703 -0.032859
5450.000000 41900.000000 -1.352783 17.220478 -0.678308 0.096801 0.718987 -0.687824 -0.024199
5450.000000 41850.000000 -0.590633 19.818242 -0.715264 0.106688 0.716553 -0.688108 -0.040960
5500.000000 41950.000000 -2.047341 14.297499 -0.740135 0.008080 0.713077 -0.700757 0.019892
5500.000000 41850.000000 -1.133215 17.761803 -0.628251 0.004656 0.716834 -0.696687 0.027456
5500.000000 41800.000000 -0.814401 19.424274 -0.624023 -0.005087 0.715413 -0.698006 0.030775
5550.000000 41750.000000 -0.341567 19.761200 -0.862303 0.139962 -0.659001 0.713706 -0.191711
5550.000000 41800.000000 -0.828964 18.164392 -0.668159 0.183698 -0.668441 0.694529 -0.192539
5550.000000 41850.000000 -0.900300 16.771163 -0.691548 0.164417 -0.669747 0.698879 -0.189667
5600.000000 41700.000000 nan nan nan nan nan nan nan
5850.000000 41800.000000 -0.148850 20.636171 -0.980306 0.115258 -0.647237 0.741337 -0.134977
5850.000000 41750.000000 1.363081 18.877334 -0.045006 -0.044807 0.718236 -0.694316 0.007334
5850.000000 41950.000000 -1.345284 14.642445 -0.641807 0.091257 -0.695198 0.706592 -0.095389
5900.000000 41800.000000 -0.058398 20.666581 -0.410672 0.022183 0.727046 -0.677024 0.112030
5900.000000 41950.000000 -1.467294 15.973601 -0.849959 -0.018182 -0.704277 0.709648 0.007979
5900.000000 41900.000000 -1.242637 19.139177 -0.784368 -0.039774 0.710642 -0.702051 0.023041
5950.000000 41850.000000 -0.004746 18.677625 -0.379880 0.104162 0.737039 -0.646671 -0.166556
5950.000000 41800.000000 -0.028326 22.060966 -0.551958 0.053248 0.716129 -0.694674 -0.041846
5950.000000 41950.000000 -1.602354 14.745861 -0.729041 -0.120596 -0.692179 0.709314 -0.056726
6000.000000 600.000000 2.752921 -4.035053 0.269816 0.124155 0.710655 -0.688848 -0.071020
6000.000000 650.000000 2.354676 -5.532945 0.215789 0.119587 0.708047 -0.692702 -0.067319
6000.000000 700.000000 2.069403 -7.116612 0.269809 0.123217 0.714051 -0.684346 -0.081357
6000.000000 8900.000000 -22.915921 -42.686727 -2.054998 0.147777 0.709648 -0.681657 -0.099521
6000.000000 8800.000000 -26.937423 -42.879351 -2.566307 0.151472 0.714790 -0.675712 -0.097699
6000.000000 9000.000000 -20.744536 -44.232522 -1.716477 0.129484 0.709099 -0.689920 -0.066513
6050.000000 650.000000 2.274445 -5.761581 0.247897 0.086739 0.722731 -0.684861 -0.033187
6050.000000 700.000000 1.914366 -7.040480 0.304982 0.066958 0.727777 -0.682356 -0.015756
6050.000000 750.000000 1.661445 -8.577260 0.266108 0.075866 0.719504 -0.690003 -0.021306
6050.000000 8850.000000 -24.670642 -41.767309 -2.515365 0.108770 0.714338 -0.689075 -0.055365
6050.000000 9000.000000 -20.802604 -44.242195 -1.644477 0.103398 0.720877 -0.684663 -0.029677
6050.000000 8950.000000 -22.227095 -43.760616 -1.946433 0.100392 0.722174 -0.681936 -0.057873
6100.000000 750.000000 1.530672 -9.040617 0.281210 0.091056 0.726408 -0.680112 -0.038575
6100.000000 700.000000 1.838397 -7.678494 0.269719 0.088274 0.727356 -0.678361 -0.054661
6100.000000 650.000000 2.203981 -5.955269 0.237630 0.093374 0.724468 -0.680380 -0.059253
6100.000000 8850.000000 -24.137808 -41.809350 -2.343798 0.137412 0.720561 -0.673846 -0.088554
6100.000000 8950.000000 -20.996147 -43.647475 -1.597674 0.165493 0.723251 -0.663494 -0.096415
6100.000000 9000.000000 -20.768074 -43.979539 -1.639194 0.110864 0.723214 -0.680349 -0.042379
6150.000000 800.000000 1.155038 -11.225591 0.329898 0.124956 0.722282 -0.677644 -0.059106
6150.000000 750.000000 1.388148 -9.492926 0.263678 0.119933 0.722299 -0.679517 -0.046443
6150.000000 850.000000 0.819649 -12.781201 0.375517 0.128619 0.717268 -0.682667 -0.054307
6150.000000 8850.000000 -25.178107 -42.479289 -2.486842 0.139905 0.716190 -0.679692 -0.074280
6150.000000 8950.000000 -21.999232 -44.169912 -1.767950 0.164738 0.720461 -0.668325 -0.084493
6150.000000 9000.000000 -21.068572 -44.905732 -1.722407 0.136711 0.721135 -0.676515 -0.060017
6200.000000 800.000000 1.003533 -11.689635 0.316248 0.080806 0.741272 -0.665011 -0.041795
6200.000000 850.000000 0.683722 -13.195193 0.361498 0.085016 0.735944 -0.670641 -0.037406
6200.000000 750.000000 1.253469 -9.996266 0.245617 0.070198 0.737895 -0.670420 -0.033488
6200.000000 8950.000000 -21.644157 -43.635615 -1.895824 0.098283 0.738435 -0.663753 -0.066981
6200.000000 8800.000000 -26.885150 -43.136542 -2.553368 0.095352 0.744189 -0.658456 -0.059389
6200.000000 8900.000000 -23.074847 -42.900126 -1.762768 0.099477 0.749749 -0.652329 -0.049474
6250.000000 850.000000 0.602864 -13.549710 0.367535 0.115618 0.724615 -0.677786 -0.046615
6250.000000 900.000000 0.209308 -15.017554 0.372501 0.104120 0.727122 -0.676573 -0.051986
6250.000000 950.000000 -0.120812 -16.236197 0.323562 0.093873 0.721812 -0.684952 -0.031869
6250.000000 8850.000000 -25.179549 -42.844714 -2.451679 0.116331 0.722289 -0.679170 -0.059108
6250.000000 9000.000000 -21.205075 -45.247554 -1.731878 0.109573 0.725803 -0.677864 -0.041280
6250.000000 8800.000000 -27.497708 -43.912937 -2.604580 0.117649 0.732845 -0.667137 -0.063434
6300.000000 950.000000 -0.232150 -16.898744 0.311305 0.074131 0.719414 -0.690387 -0.017732
6300.000000 1000.000000 -0.569527 -18.054928 0.310694 0.049422 0.722498 -0.689590 -0.004400
6300.000000 900.000000 0.108042 -15.357963 0.365164 0.064439 0.722898 -0.687554 -0.023145
6300.000000 8800.000000 -26.009311 -42.544413 -2.515191 0.103823 0.724728 -0.679256 -0.051003
6300.000000 8850.000000 -23.539337 -41.409441 -2.369475 0.100861 0.715553 -0.689666 -0.046612
6300.000000 8900.000000 -22.887351 -42.554245 -1.962638 0.079870 0.726828 -0.681389 -0.032428
6350.000000 1000.000000 -0.690433 -18.923806 0.293805 0.077365 0.724622 -0.684006 -0.032753
6350.000000 950.000000 -0.373328 -17.331393 0.309695 0.082250 0.719963 -0.688519 -0.028795
6350.000000 1050.000000 -0.849512 -19.985820 0.237851 0.077541 0.717576 -0.691473 -0.030605
6350.000000 8850.000000 -24.377490 -42.239758 -2.162707 0.104744 0.728328 -0.674968 -0.054637
6350.000000 8800.000000 -26.868039 -43.473245 -2.560825 0.103242 0.728892 -0.674271 -0.058459
6350.000000 8950.000000 -22.097357 -44.199978 -2.049485 0.087358 0.723457 -0.681268 -0.069664
6400.000000 1050.000000 -1.015987 -20.659628 0.244744 0.078433 0.711111 -0.698420 -0.019462
6400.000000 1100.000000 -1.392893 -22.146569 0.221541 0.080453 0.714248 -0.694702 -0.027702
6400.000000 1000.000000 -0.797039 -19.428748 0.297485 0.079602 0.717894 -0.690968 -0.029230
6400.000000 8850.000000 -24.029210 -42.002517 -2.420269 0.107139 0.711369 -0.692650 -0.052068
6400.000000 8800.000000 -26.480029 -43.449782 -2.496081 0.118302 0.721577 -0.679680 -0.058029
6400.000000 8950.000000 -20.705285 -44.432309 -1.772983 0.147324 0.713762 -0.678028 -0.095490
6450.000000 1100.000000 -1.522717 -23.018329 0.243251 0.086073 0.724300 -0.683385 -0.031082
6450.000000 1150.000000 -1.901554 -24.131457 0.162204 0.091849 0.720225 -0.687045 -0.028436
6450.000000 1050.000000 -1.103731 -21.369968 0.272126 0.081557 0.719408 -0.689411 -0.022645
6450.000000 8800.000000 -26.316665 -43.234772 -2.495004 0.099436 0.728127 -0.676739 -0.044368
6450.000000 8850.000000 -23.764586 -41.761905 -2.345156 0.095552 0.719554 -0.686620 -0.040805
6450.000000 8950.000000 -20.938033 -43.647626 -1.981495 0.103023 0.719430 -0.683829 -0.064690
6500.000000 1150.000000 -2.044744 -24.983321 0.168175 0.078741 0.707591 -0.701860 -0.022507
6500.000000 1100.000000 -1.615039 -23.681720 0.241131 0.067639 0.709293 -0.701293 -0.022723
6500.000000 1200.000000 -2.578479 -26.186706 0.246668 0.068618 0.705869 -0.704745 -0.019349
6500.000000 8800.000000 -26.498175 -43.669276 -2.508734 0.087705 0.713853 -0.693496 -0.042254
6500.000000 8850.000000 -24.410815 -42.515958 -2.403846 0.064348 0.706026 -0.704466 -0.033374
6500.000000 8950.000000 -21.290758 -44.088854 -1.952619 0.084028 0.705453 -0.701961 -0.050256
6550.000000 1200.000000 -2.734368 -27.011936 0.247235 0.066237 0.721255 -0.689172 -0.021102
6550.000000 1150.000000 -2.207458 -25.798909 0.160971 0.067619 0.720620 -0.689778 -0.018489
6550.000000 1250.000000 -3.094432 -28.171618 0.212142 0.058981 0.721110 -0.690091 -0.017201
6550.000000 8800.000000 -25.903147 -43.325342 -2.474752 0.072162 0.729015 -0.679234 -0.044396
6550.000000 8850.000000 -23.416652 -42.526690 -2.201602 0.087752 0.716175 -0.692096 -0.019900
6550.000000 8950.000000 -21.314782 -43.725291 -1.932202 0.060699 0.721066 -0.689235 -0.036530
6600.000000 1250.000000 -3.173385 -29.071484 0.265487 0.091435 0.743212 -0.662659 -0.012626
6600.000000 1300.000000 -3.413108 -30.080242 0.286887 0.087266 0.740216 -0.666594 -0.010794
6600.000000 1200.000000 -2.818747 -27.847010 0.300952 0.093793 0.743666 -0.661752 -0.015789
6600.000000 8950.000000 -21.345095 -44.433550 -1.781695 0.094055 0.744752 -0.660269 -0.023301
6600.000000 8800.000000 -25.975238 -43.301606 -2.540079 0.094597 0.748319 -0.655971 -0.027796
6650.000000 1300.000000 -3.616815 -31.024987 0.299491 0.113038 0.727146 -0.675945 -0.039739
6650.000000 1250.000000 -3.316854 -29.761274 0.277677 0.112219 0.731112 -0.671714 -0.041014
6650.000000 1350.000000 -3.893964 -31.940687 0.225870 0.105062 0.732984 -0.670960 -0.038851
6650.000000 8800.000000 -25.975262 -43.877576 -2.465590 0.116683 0.736414 -0.664246 -0.053450
6650.000000 8950.000000 -21.197134 -44.622685 -1.920409 0.111367 0.732047 -0.668670 -0.067717
6650.000000 8850.000000 -23.373854 -42.932707 -2.067187 0.123274 0.733662 -0.666247 -0.051556
6700.000000 1350.000000 -4.158935 -32.741766 0.219788 0.118217 0.726588 -0.675672 -0.039530
6700.000000 1300.000000 -3.832392 -31.552834 0.301724 0.117565 0.717670 -0.685587 -0.033155
6700.000000 1400.000000 -4.562536 -33.747095 0.141812 0.114174 0.723500 -0.679597 -0.040738
6700.000000 8800.000000 -26.829047 -44.390218 -2.434199 0.110819 0.738927 -0.662307 -0.055276
6700.000000 8950.000000 -21.796603 -45.120570 -2.010610 0.113994 0.725193 -0.675369 -0.070544
6700.000000 8850.000000 -23.968089 -44.207250 -1.977352 0.153439 0.729727 -0.662639 -0.069745
6750.000000 1400.000000 -4.881340 -34.773241 0.119557 0.093224 0.735538 -0.669117 -0.050749
6750.000000 1450.000000 -5.202478 -35.791992 0.057263 0.087070 0.728509 -0.676454 -0.064059
6750.000000 1350.000000 -4.382653 -33.446307 0.183335 0.087410 0.736134 -0.669609 -0.045713
6750.000000 8950.000000 -22.647551 -45.644250 -2.106762 0.069567 0.736170 -0.669310 -0.072377
6750.000000 8800.000000 -26.354676 -44.166633 -2.607581 0.116582 0.738096 -0.659963 -0.077918
6750.000000 8850.000000 -24.344734 -43.504516 -2.480303 0.054583 0.737375 -0.663615 -0.113641
6800.000000 1450.000000 -5.442055 -36.656000 0.111303 0.109661 0.718719 -0.681871 -0.080439
6800.000000 1500.000000 -5.642954 -37.479333 0.097655 0.113952 0.723971 -0.676824 -0.069208
6800.000000 1400.000000 -4.932339 -35.083468 0.133692 0.103407 0.720681 -0.682471 -0.064502
6800.000000 8800.000000 -26.991807 -45.274888 -2.542456 0.138946 0.727435 -0.664594 -0.099234
6800.000000 8950.000000 -20.978904 -45.564086 -1.856223 0.143978 0.719226 -0.669066 -0.119727
6800.000000 8850.000000 -24.521702 -43.553106 -2.488392 0.106007 0.717057 -0.685216 -0.071205
6850.000000 1500.000000 -5.925423 -38.192378 0.065018 0.118483 0.723200 -0.676704 -0.070827
6850.000000 1450.000000 -5.574273 -36.753169 0.074418 0.109813 0.711207 -0.689877 -0.078710
6850.000000 1550.000000 -6.455093 -39.731576 0.084243 0.127428 0.726446 -0.669275 -0.090053
6850.000000 8850.000000 -23.558905 -44.596090 -1.886806 0.173356 0.729177 -0.650405 -0.123376
6850.000000 8950.000000 -21.463812 -45.662770 -2.146947 0.129010 0.718952 -0.668664 -0.139119
6850.000000 8800.000000 -26.729300 -45.249586 -2.529435 0.147746 0.728274 -0.659817 -0.111488
6900.000000 1550.000000 -6.772329 -40.488057 0.079654 0.203698 0.709072 -0.661951 -0.132455
6900.000000 1500.000000 -6.137266 -38.919861 0.062342 0.206392 0.704126 -0.666233 -0.133203
6900.000000 1600.000000 -7.524411 -41.491458 0.028014 0.208015 0.702760 -0.665232 -0.142565
6900.000000 8950.000000 -22.596890 -46.890773 -1.927132 0.221053 0.699399 -0.659428 -0.164715
6900.000000 8850.000000 -25.488726 -45.565020 -2.294794 0.212486 0.706184 -0.660036 -0.143199
6900.000000 9000.000000 -21.316548 -47.891106 -1.736691 0.204316 0.708408 -0.660080 -0.143903
6950.000000 1600.000000 -7.959314 -41.988735 0.017729 0.299354 0.674851 -0.633098 -0.232702
6950.000000 1550.000000 -7.141387 -40.991855 0.044071 0.300913 0.676330 -0.628884 -0.237770
6950.000000 1650.000000 -9.015727 -42.640916 -0.095360 0.290678 0.677239 -0.635389 -0.230509
6950.000000 8950.000000 -22.716193 -47.049660 -1.894137 0.300495 0.673073 -0.629165 -0.246631
6950.000000 9000.000000 -20.974313 -47.841389 -1.709485 0.295974 0.675360 -0.632219 -0.237879
6950.000000 9050.000000 -18.838567 -48.194483 -1.344132 0.291846 0.678439 -0.632401 -0.233701
7000.000000 1650.000000 -9.539728 -43.053354 -0.155850 0.366877 0.650388 -0.599769 -0.287531
7000.000000 1600.000000 -8.547360 -42.491589 -0.024544 0.382670 0.643872 -0.592958 -0.295624
7000.000000 1700.000000 -10.572489 -43.637111 -0.345327 0.360813 0.656314 -0.597323 -0.286830
7000.000000 9100.000000 -17.398140 -49.311475 -1.169194 0.380608 0.645481 -0.592587 -0.295520
7000.000000 9150.000000 -17.480677 -50.487060 -1.114048 0.360635 0.651605 -0.602041 -0.287924
7000.000000 9200.000000 -18.280265 -52.946478 -1.200971 0.364555 0.647296 -0.598824 -0.299195
7050.000000 1700.000000 -11.322521 -44.046696 -0.461179 0.332336 0.676075 -0.584410 -0.301564
7050.000000 1650.000000 -10.271145 -43.409864 -0.276955 0.334828 0.672069 -0.588708 -0.299393
7050.000000 1750.000000 -12.353870 -44.839429 -0.632102 0.336103 0.671583 -0.584491 -0.307215
7050.000000 9050.000000 -18.718204 -48.102648 -1.289542 0.339219 0.673282 -0.582107 -0.304587
7050.000000 9100.000000 -17.622670 -49.705053 -1.370701 0.353441 0.661126 -0.580295 -0.318198
7050.000000 9150.000000 -17.661143 -50.806627 -1.064412 0.334845 0.673959 -0.583488 -0.305286
7100.000000 1750.000000 -12.661175 -45.076209 -0.638417 0.280286 0.692521 -0.616684 -0.248105
7100.000000 1800.000000 -13.373756 -46.043638 -0.693239 0.292592 0.690558 -0.605711 -0.265768
7100.000000 1700.000000 -11.753629 -44.384203 -0.505339 0.275382 0.695619 -0.617874 -0.241888
7100.000000 9000.000000 -21.425650 -47.727749 -1.875106 0.266144 0.691982 -0.626151 -0.241379
7100.000000 9050.000000 -19.282178 -48.152914 -1.471647 0.267711 0.695280 -0.622410 -0.239839
7100.000000 8950.000000 -22.880061 -47.211325 -2.029268 0.282396 0.687760 -0.613426 -0.266360
7150.000000 1800.000000 -14.076904 -46.605850 -0.777098 0.193056 0.708445 -0.652490 -0.187329
7150.000000 1750.000000 -13.172628 -45.567540 -0.680818 0.196402 0.705902 -0.655309 -0.183572
7150.000000 1850.000000 -15.097792 -47.628611 -0.883326 0.188582 0.710388 -0.652427 -0.184725
7150.000000 8850.000000 -26.642095 -46.477789 -2.454829 0.202827 0.705703 -0.650743 -0.193332
7150.000000 8950.000000 -23.843322 -47.470021 -2.102877 0.183494 0.704007 -0.654652 -0.205270
7150.000000 8800.000000 -28.722558 -46.467506 -2.740966 0.206943 0.712217 -0.640169 -0.200262
7200.000000 1800.000000 -14.319702 -46.935939 -0.791793 0.198731 0.707157 -0.660668 -0.154768
7200.000000 1850.000000 -15.379673 -48.025278 -0.902821 0.201121 0.707948 -0.658458 -0.157456
7200.000000 1750.000000 -13.027875 -45.584167 -0.602150 0.198356 0.710963 -0.655893 -0.158084
7200.000000 8850.000000 -26.840622 -46.658932 -2.455909 0.210054 0.705441 -0.656802 -0.163834
7200.000000 8950.000000 -23.926395 -47.679491 -2.037077 0.201871 0.704602 -0.658805 -0.169588
7200.000000 8900.000000 -25.415924 -46.996915 -2.219098 0.187602 0.710229 -0.662515 -0.146473
7250.000000 1850.000000 -15.645888 -48.346528 -0.926680 0.186887 0.717054 -0.654421 -0.150464
7250.000000 1800.000000 -14.053194 -46.697576 -0.707207 0.180935 0.718009 -0.654355 -0.153444
7250.000000 1750.000000 -13.197121 -45.770013 -0.628340 0.180206 0.719685 -0.652546 -0.154154
7250.000000 8850.000000 -26.733700 -46.833848 -2.435720 0.199641 0.714401 -0.650192 -0.164392
7250.000000 8950.000000 -23.728292 -47.635804 -2.020720 0.191890 0.712805 -0.652669 -0.170619
7250.000000 8900.000000 -25.353364 -47.085910 -2.206314 0.175866 0.718367 -0.656971 -0.146318
7300.000000 1850.000000 -15.517272 -48.292110 -0.879571 0.150432 0.705559 -0.684906 -0.102278
7300.000000 1800.000000 -14.119682 -46.732058 -0.716532 0.139913 0.704816 -0.687959 -0.101837
7300.000000 1750.000000 -13.214695 -45.699813 -0.655483 0.136660 0.702127 -0.691236 -0.102635
7300.000000 8800.000000 -28.963227 -46.866061 -2.756854 0.150453 0.711785 -0.675925 -0.117692
7300.000000 8850.000000 -26.884052 -46.923459 -2.455918 0.165929 0.703566 -0.680117 -0.122080
7300.000000 8950.000000 -23.837538 -47.162748 -2.071895 0.128383 0.701780 -0.692837 -0.104885
7350.000000 1800.000000 -13.850624 -46.417849 -0.434536 0.115582 0.734650 -0.664908 -0.069478
7350.000000 1850.000000 -15.258906 -47.792092 -0.701868 0.105636 0.736056 -0.665324 -0.066383
7350.000000 1750.000000 nan nan nan nan nan nan nan
7350.000000 8950.000000 -23.632743 -47.392761 -1.978223 0.115593 0.732537 -0.662843 -0.103281
7350.000000 8850.000000 -26.428023 -46.829890 -2.430667 0.140371 0.728106 -0.661336 -0.113099
7350.000000 8800.000000 -28.532566 -46.934824 -2.698368 0.139965 0.736413 -0.652433 -0.111519
7400.000000 1800.000000 nan nan nan nan nan nan nan
7400.000000 1850.000000 -15.292396 -47.911055 -0.876982 0.101624 0.711287 -0.694149 -0.043598
7400.000000 1750.000000 -13.528186 -45.763078 -0.870954 -0.086818 -0.698568 0.709206 0.038628
7400.000000 8800.000000 -28.892070 -47.050242 -2.739340 0.121083 0.720733 -0.677886 -0.079708
7400.000000 8950.000000 -24.085376 -47.257676 -2.020872 0.089095 0.715262 -0.690930 -0.055481
7400.000000 8850.000000 -26.795045 -47.000459 -2.503670 0.134648 0.705628 -0.691276 -0.078080
7450.000000 1800.000000 -14.322143 -46.669665 -0.362451 0.092482 0.769099 -0.630833 -0.044532
7450.000000 1750.000000 -13.516946 -46.643137 -0.717849 0.120867 0.747904 -0.649149 -0.068088
7450.000000 1850.000000 nan nan nan nan nan nan nan
7450.000000 8800.000000 -28.831645 -47.385622 -2.735532 0.147008 0.752021 -0.636508 -0.087807
7450.000000 8900.000000 -25.257962 -47.775155 -2.143694 0.129030 0.750991 -0.642536 -0.080696
7450.000000 8950.000000 -23.901084 -47.603540 -1.938963 0.117256 0.754411 -0.641407 -0.075577
7500.000000 1800.000000 nan nan nan nan nan nan nan
7500.000000 1750.000000 nan nan nan nan nan nan nan
7500.000000 1850.000000 -15.560645 -49.453173 -0.961504 0.180968 0.713621 -0.667996 -0.108526
7500.000000 8950.000000 -24.073172 -47.708236 -2.040595 0.147219 0.718990 -0.672819 -0.093241
7500.000000 8900.000000 -25.608139 -47.689551 -2.197637 0.144712 0.720607 -0.671001 -0.097679
7500.000000 8800.000000 -29.116072 -47.355194 -2.768431 0.177041 0.723379 -0.658762 -0.106825
7550.000000 1800.000000 -14.920418 -47.495484 -0.867564 -0.144274 -0.686778 0.701797 0.122481
7550.000000 1850.000000 -16.173406 -48.809352 -0.988966 0.148030 0.698253 -0.690540 -0.116976
7550.000000 1600.000000 -8.144065 -42.151693 0.041713 0.193777 0.694010 -0.679915 -0.136076
7550.000000 8850.000000 -27.478538 -47.707612 -2.498422 0.226987 0.681122 -0.676522 -0.163912
7550.000000 8800.000000 -29.274570 -47.413186 -2.781895 0.231624 0.686349 -0.666297 -0.176985
7550.000000 8950.000000 -24.391189 -48.791010 -2.070097 -0.231383 -0.675739 0.676692 0.178680
7600.000000 1850.000000 -15.079247 -49.203075 -0.904568 0.313212 0.648982 -0.635441 -0.277372
7600.000000 1800.000000 -14.414301 -48.297603 -0.837615 -0.319228 -0.640196 0.640314 0.279715
7600.000000 1600.000000 -9.425583 -44.099035 -0.087399 0.299549 0.658145 -0.639286 -0.261588
7600.000000 9050.000000 -21.277829 -51.799747 -1.553978 0.316205 0.653171 -0.631304 -0.273566
7600.000000 8950.000000 -24.342816 -49.880287 -2.496052 -0.329335 -0.607429 0.625195 0.362905
7600.000000 9000.000000 -22.786226 -50.644713 -2.391182 -0.292208 -0.625266 0.648082 0.321943
7650.000000 1850.000000 -15.960186 -50.513270 -0.940658 0.458670 0.585427 -0.542502 -0.390626
7650.000000 1800.000000 -15.077693 -49.447172 -0.821257 0.453453 0.588971 -0.547979 -0.383683
7650.000000 1700.000000 -11.867843 -47.311502 -0.518299 0.472819 0.576455 -0.529296 -0.404954
7650.000000 9100.000000 -21.121267 -54.224490 -1.385555 0.453718 0.599978 -0.549252 -0.363989
7650.000000 9050.000000 -21.717039 -52.746934 -1.607160 0.441542 0.596322 -0.556237 -0.374220
7650.000000 9150.000000 -20.523420 -55.971855 -1.041775 0.461976 0.601139 -0.535601 -0.371943
7700.000000 1850.000000 -16.438955 -50.850793 -0.904760 0.540144 0.533237 -0.457141 -0.463601
7700.000000 1800.000000 -15.471385 -49.602176 -0.921916 0.519740 0.535937 -0.477171 -0.463628
7700.000000 1700.000000 -12.438507 -47.279986 -0.604960 0.523006 0.536588 -0.470296 -0.466218
7700.000000 9150.000000 -21.048562 -56.798855 -1.161084 0.560145 0.519268 -0.433744 -0.477980
7700.000000 9500.000000 -24.221365 -65.515366 -1.588682 0.534461 0.528892 -0.460293 -0.471970
7700.000000 9250.000000 -20.752904 -59.416762 -1.091612 0.552865 0.526733 -0.438467 -0.473962
7750.000000 1900.000000 -17.853714 -52.721867 -1.209555 0.648468 0.433220 -0.357966 -0.513489
7750.000000 1700.000000 nan nan nan nan nan nan nan
7750.000000 1650.000000 nan nan nan nan nan nan nan
7750.000000 9550.000000 -25.431435 -67.052070 -1.689987 0.640770 0.450378 -0.362790 -0.504932
7750.000000 9500.000000 -24.596205 -66.108052 -1.580823 0.638936 0.452944 -0.371135 -0.498860
7750.000000 9600.000000 -26.244422 -67.815194 -1.805006 0.633372 0.453295 -0.384269 -0.495682
7800.000000 1900.000000 -18.290821 -51.831160 -1.197440 0.669839 0.346235 -0.241026 -0.611018
7800.000000 1950.000000 -19.730098 -52.756702 -1.363302 0.669640 0.322710 -0.237367 -0.625379
7800.000000 1700.000000 -13.158871 -47.483409 -0.472163 0.664333 0.377908 -0.252592 -0.593333
7800.000000 9500.000000 -24.677728 -66.744397 -1.560656 0.665908 0.335401 -0.240256 -0.621571
7800.000000 9450.000000 -23.934861 -65.528479 -1.481162 0.670189 0.333723 -0.237450 -0.618946
7800.000000 9400.000000 -23.371531 -63.977337 -1.487590 0.672253 0.333878 -0.242828 -0.614520
7850.000000 1900.000000 -18.064696 -51.677592 -1.139705 0.685580 0.256774 -0.159568 -0.662258
7850.000000 1950.000000 -20.118395 -52.238490 -1.354440 0.687194 0.228230 -0.139017 -0.675537
7850.000000 1650.000000 -11.268450 -46.481255 -0.290836 0.661163 0.308421 -0.221607 -0.647016
7850.000000 9600.000000 -26.866956 -69.125928 -1.760043 0.683301 0.229760 -0.154696 -0.675559
7850.000000 9650.000000 -28.369900 -69.345706 -1.998749 0.684275 0.233132 -0.146806 -0.675178
7850.000000 9700.000000 -29.936615 -69.559207 -2.248904 0.684247 0.231470 -0.147697 -0.675584
7900.000000 1900.000000 -18.268649 -51.836324 -1.205385 0.727504 0.133640 -0.010267 -0.672884
7900.000000 1950.000000 -20.245932 -52.224263 -1.323295 0.731817 0.092433 0.020920 -0.674880
7900.000000 9700.000000 -30.365232 -69.904111 -2.278352 0.729566 0.086426 0.026600 -0.677906
7900.000000 9650.000000 -28.944993 -69.466667 -2.094763 0.726001 0.100723 0.009193 -0.680215
7900.000000 9750.000000 -31.570955 -69.559868 -2.505392 0.723599 0.109409 -0.004770 -0.681477
7950.000000 9750.000000 -32.133631 -69.702587 -2.546418 0.714030 -0.010466 0.099851 -0.692879
7950.000000 8000.000000 -33.272746 -69.380905 -2.767999 0.716632 -0.009047 0.104103 -0.689579
7950.000000 9700.000000 -30.688961 -69.577761 -2.360438 0.713634 -0.023914 0.116264 -0.690389
10000.000000 8250.000000 -38.914842 -62.789095 -3.718891 0.587862 -0.384258 0.435644 -0.563008
10000.000000 8200.000000 -38.705695 -64.134929 -3.640962 0.578022 -0.394173 0.442070 -0.561331
10000.000000 9950.000000 -38.198465 -64.761234 -3.526475 0.585999 -0.391996 0.432053 -0.562383
10050.000000 8250.000000 -39.160881 -62.313313 -3.751986 0.572250 -0.425150 0.452070 -0.536106
10050.000000 8200.000000 -38.721694 -63.542088 -3.674343 0.562027 -0.434941 0.456840 -0.535023
10050.000000 8300.000000 -39.237935 -60.932457 -3.896961 0.569593 -0.422811 0.451296 -0.541412
10100.000000 8350.000000 -39.408701 -58.891308 -3.953480 0.570769 -0.430806 0.456955 -0.528981
10100.000000 8400.000000 -39.169076 -57.538857 -3.982187 0.570695 -0.426840 0.456891 -0.532320
10100.000000 8300.000000 -39.573263 -60.221671 -3.915494 0.561854 -0.432478 0.463005 -0.531892
10150.000000 8400.000000 -39.354855 -56.948099 -3.999833 0.537933 -0.451798 0.489435 -0.516683
10150.000000 8450.000000 -39.179552 -55.486045 -3.961761 0.540849 -0.450263 0.494512 -0.510102
10150.000000 8350.000000 -39.549946 -58.428527 -3.962778 0.538752 -0.457439 0.491353 -0.508987
10200.000000 8400.000000 -39.318282 -56.297079 -4.004563 -0.491557 0.517520 -0.513536 0.476262
10200.000000 8500.000000 -38.693599 -53.455398 -3.956990 0.487884 -0.513946 0.517461 -0.479649
10200.000000 8450.000000 -39.130763 -54.928852 -3.989831 0.495629 -0.511747 0.519039 -0.472298
10250.000000 8500.000000 -38.570709 -53.004391 -3.944300 -0.387631 0.586740 -0.584859 0.404251
10250.000000 8450.000000 -39.027496 -54.369552 -3.974146 -0.391181 0.588061 -0.581471 0.403798
10250.000000 8400.000000 -39.271656 -55.835657 -3.991783 -0.388440 0.592082 -0.582174 0.399534
10300.000000 8600.000000 -36.880139 -49.978499 -3.772657 -0.301333 0.634847 -0.612444 0.362050
10300.000000 8500.000000 -38.454765 -52.601911 -3.884587 -0.307529 0.632110 -0.605119 0.373755
10300.000000 8400.000000 -39.146384 -55.509329 -3.917379 -0.308290 0.638904 -0.602863 0.365124
10350.000000 8600.000000 -36.744791 -49.730453 -3.727073 -0.202716 0.659945 -0.637807 0.341440
10350.000000 8550.000000 -37.619708 -51.081701 -3.802069 -0.206527 0.661832 -0.635811 0.339218
10350.000000 8650.000000 -35.543695 -48.405026 -3.580482 -0.198450 0.664362 -0.633250 0.343853
10400.000000 8600.000000 -36.502780 -49.528064 -3.727554 0.187518 -0.652410 0.668569 -0.303667
10400.000000 8650.000000 -35.263566 -48.270703 -3.550757 0.189416 -0.657193 0.663543 -0.303199
10400.000000 8550.000000 -37.531075 -50.990450 -3.801849 0.190146 -0.656276 0.663298 -0.305257
10450.000000 8600.000000 -36.391574 -49.359534 -3.713480 0.226782 -0.632260 0.656731 -0.342813
10450.000000 8650.000000 -35.140863 -48.138375 -3.539469 0.228347 -0.635716 0.652994 -0.342524
10450.000000 8550.000000 -37.413883 -50.914086 -3.793943 0.231388 -0.633685 0.653109 -0.344022
10500.000000 8550.000000 -37.454305 -50.904966 -3.789133 0.267574 -0.581799 0.682323 -0.352633
10500.000000 8600.000000 -36.417523 -49.370144 -3.730984 0.263704 -0.574631 0.686006 -0.360075
10500.000000 8650.000000 -35.091701 -48.070528 -3.538422 0.260047 -0.582651 0.683490 -0.354591
10550.000000 8550.000000 -37.301955 -50.841153 -3.764640 0.254130 -0.598739 0.658909 -0.377847
10550.000000 8600.000000 -36.214947 -49.165803 -3.713890 0.234211 -0.595848 0.671984 -0.372219
10550.000000 8650.000000 -35.017886 -47.952990 -3.517224 0.248311 -0.600304 0.659139 -0.378831
10600.000000 8550.000000 -37.109895 -50.788298 -3.717299 0.288490 -0.597187 0.664461 -0.344432
10600.000000 8650.000000 -34.860852 -47.904404 -3.501243 0.279334 -0.593371 0.669209 -0.349346
10600.000000 8450.000000 -38.080201 -53.824155 -3.791463 0.287303 -0.594222 0.669823 -0.340138
10650.000000 8550.000000 -36.765940 -50.716390 -3.690820 0.316266 -0.612040 0.634736 -0.349990
10650.000000 8450.000000 -37.056316 -53.111775 -3.643701 0.319835 -0.611104 0.634016 -0.349687
10650.000000 8500.000000 -37.131361 -52.014336 -3.685427 0.335557 -0.595430 0.624555 -0.377884
10700.000000 8550.000000 -36.740455 -50.783986 -3.676167 0.270511 -0.621589 0.658240 -0.327369
10700.000000 8500.000000 -37.069498 -52.066516 -3.679398 0.263641 -0.618654 0.662278 -0.330377
10700.000000 8600.000000 -35.675873 -49.038653 -3.612048 0.268137 -0.611215 0.664605 -0.335886
10750.000000 8650.000000 -34.332963 -47.761622 -3.422684 0.204157 -0.643082 0.671740 -0.305829
10750.000000 8600.000000 -35.174984 -48.852608 -3.541173 0.207213 -0.633203 0.676175 -0.314490
10750.000000 8550.000000 -36.418980 -50.860058 -3.649350 0.212893 -0.637830 0.671997 -0.310275
10800.000000 8600.000000 -34.725228 -49.261764 -3.453728 0.193463 -0.658863 0.684401 -0.245084
10800.000000 8650.000000 -34.018808 -48.074564 -3.375391 0.191792 -0.663331 0.680966 -0.243915
10800.000000 8700.000000 -32.380895 -47.022227 -3.172437 0.192411 -0.659279 0.685767 -0.240941
10850.000000 8650.000000 -33.815349 -48.001476 -3.358214 0.166398 -0.676741 0.689215 -0.198282
10850.000000 8600.000000 -34.473378 -49.176169 -3.423158 0.173553 -0.669379 0.692994 -0.203890
10850.000000 8550.000000 -35.865564 -51.003779 -3.564697 0.154294 -0.681419 0.692390 -0.180161
10900.000000 8650.000000 -33.833791 -48.191341 -3.333160 0.181635 -0.664637 0.684848 -0.237169
10900.000000 8600.000000 -34.226744 -49.635478 -3.399250 0.165868 -0.655145 0.698987 -0.233858
10900.000000 8700.000000 -32.177423 -46.962663 -3.156302 0.184355 -0.655675 0.692259 -0.238498
10950.000000 8650.000000 -33.697287 -48.298195 -3.350698 0.180156 -0.649601 0.687929 -0.268918
10950.000000 8600.000000 -34.294193 -49.557614 -3.362822 0.192312 -0.645839 0.685593 -0.275444
10950.000000 8550.000000 -35.961732 -51.224416 -3.572955 0.184441 -0.652063 0.685444 -0.266387
11000.000000 8650.000000 -33.449007 -47.776695 -3.260294 -0.153446 0.676309 -0.672943 0.257310
11000.000000 8700.000000 nan nan nan nan nan nan nan
11000.000000 8550.000000 nan nan nan nan nan nan nan
11050.000000 8700.000000 nan nan nan nan nan nan nan
11050.000000 8650.000000 nan nan nan nan nan nan nan
11200.000000 8700.000000 nan nan nan nan nan nan nan
11200.000000 8650.000000 nan nan nan nan nan nan nan
11200.000000 8600.000000 -33.589351 -50.767918 -3.165284 0.194214 -0.607130 0.741052 -0.210986
11250.000000 8650.000000 nan nan nan nan nan nan nan
11250.000000 8750.000000 -29.167625 -47.951453 -2.689003 0.234734 -0.567595 0.738490 -0.278152
11250.000000 8600.000000 nan nan nan nan nan nan nan
11350.000000 8650.000000 nan nan nan nan nan nan nan
11500.000000 8650.000000 nan nan nan nan nan nan nan
11500.000000 8600.000000 nan nan nan nan nan nan nan
11600.000000 8650.000000 nan nan nan nan nan nan nan
11650.000000 8450.000000 nan nan nan nan nan nan nan
11700.000000 8650.000000 nan nan nan nan nan nan nan
11900.000000 8650.000000 nan nan nan nan nan nan nan
11950.000000 8650.000000 nan nan nan nan nan nan nan
20000.000000 600.000000 3.154950 -3.521188 0.321940 0.185237 0.720421 -0.661569 -0.094908
20000.000000 650.000000 2.561120 -5.294914 0.239440 0.185601 0.718975 -0.663508 -0.091569
20000.000000 700.000000 2.264524 -6.830603 0.291041 0.179988 0.723473 -0.659357 -0.097153
20050.000000 600.000000 2.973714 -4.068052 0.293940 0.145281 0.734974 -0.656207 -0.089992
20050.000000 650.000000 2.495262 -5.556350 0.236878 0.146484 0.733154 -0.657683 -0.092093
20050.000000 700.000000 2.196363 -7.085315 0.282352 0.140513 0.737452 -0.653619 -0.095927
20100.000000 650.000000 2.299384 -5.849457 0.220433 0.160023 0.724123 -0.662239 -0.107139
20100.000000 700.000000 1.987175 -7.463367 0.260819 0.153439 0.727578 -0.658586 -0.115544
20100.000000 600.000000 2.687932 -4.391074 0.252069 0.155630 0.723741 -0.663657 -0.107416
20100.000000 8850.000000 -25.367304 -43.149672 -2.442985 0.180445 0.716786 -0.661822 -0.125097
20100.000000 8800.000000 -27.786760 -43.812583 -2.647670 0.161673 0.729674 -0.653641 -0.119125
20150.000000 700.000000 2.028538 -7.563628 0.341914 0.127552 0.738807 -0.655798 -0.088454
20150.000000 750.000000 1.572468 -8.945603 0.265501 0.082842 0.715782 -0.693049 -0.021813
20150.000000 650.000000 2.181673 -5.913987 0.228706 0.083789 0.716950 -0.691361 -0.031341
20150.000000 8800.000000 -27.555359 -43.602898 -2.661864 0.114297 0.719824 -0.682212 -0.058105
20150.000000 8850.000000 -25.244944 -42.715653 -2.479152 0.115439 0.710197 -0.692008 -0.058470
20150.000000 8900.000000 -23.923808 -43.718605 -2.182913 0.109411 0.715298 -0.687378 -0.062369
20200.000000 750.000000 1.484795 -9.418840 0.264934 0.153066 0.702893 -0.691045 -0.070489
20200.000000 800.000000 1.213222 -11.154219 0.333775 0.147743 0.703515 -0.692196 -0.064054
20200.000000 700.000000 1.792384 -7.779475 0.256673 0.143128 0.705066 -0.690146 -0.078073
20200.000000 8850.000000 -25.974649 -43.850651 -2.401993 0.171792 0.701854 -0.686005 -0.085354
20250.000000 800.000000 1.139878 -11.475072 0.331251 0.112068 0.712223 -0.691200 -0.049211
20250.000000 750.000000 1.393268 -9.629163 0.223228 0.100054 0.703533 -0.702989 -0.028929
20250.000000 850.000000 0.810250 -13.020262 0.386047 0.114442 0.707075 -0.696723 -0.039051
20250.000000 8850.000000 -25.171210 -42.818753 -2.435157 0.127623 0.705462 -0.694442 -0.061528
20250.000000 8800.000000 -27.587901 -43.736456 -2.627854 0.118958 0.716014 -0.685595 -0.055969
20250.000000 8900.000000 -23.892256 -43.775241 -2.097399 0.122405 0.711531 -0.689496 -0.057758
20300.000000 850.000000 0.693776 -13.366145 0.382271 0.148818 0.709623 -0.685932 -0.061528
20300.000000 800.000000 1.043047 -11.721270 0.324555 0.137891 0.714458 -0.682761 -0.066124
20300.000000 900.000000 0.281297 -14.831275 0.382917 0.131042 0.713957 -0.685267 -0.059181
20300.000000 8850.000000 -25.655614 -43.488568 -2.469525 0.151055 0.707863 -0.685628 -0.077636
20300.000000 8950.000000 -22.600247 -44.935018 -1.938986 0.159174 0.709168 -0.681752 -0.083420
20300.000000 8900.000000 -24.210605 -44.297592 -2.136431 0.149987 0.713169 -0.680483 -0.076400
20350.000000 950.000000 -0.135546 -16.680316 0.342801 0.122506 0.707372 -0.695138 -0.037424
20350.000000 900.000000 0.191689 -15.159936 0.376613 0.123682 0.711371 -0.690279 -0.046576
20350.000000 1000.000000 -0.443157 -18.362760 0.339208 0.117584 0.712159 -0.690520 -0.046742
20350.000000 8800.000000 -27.723040 -44.173551 -2.643418 0.137467 0.715308 -0.682585 -0.059295
20350.000000 8850.000000 -25.433711 -43.371589 -2.457828 0.141934 0.705329 -0.691629 -0.063365
20350.000000 8950.000000 -22.480248 -44.856534 -1.905393 0.148546 0.706967 -0.688511 -0.063914
20400.000000 950.000000 -0.283701 -17.030319 0.334578 0.124857 0.716937 -0.683783 -0.053416
20400.000000 1000.000000 -0.612588 -18.885695 0.314190 0.124886 0.722272 -0.676715 -0.069164
20400.000000 900.000000 0.116785 -15.364840 0.372323 0.124275 0.721311 -0.677565 -0.071917
20400.000000 8850.000000 -25.050655 -42.861219 -2.473020 0.140528 0.713175 -0.682184 -0.079109
20400.000000 8900.000000 -23.623229 -43.748981 -2.099708 0.136852 0.721414 -0.673773 -0.082839
20400.000000 9000.000000 -20.999134 -45.075935 -1.641620 0.137369 0.718229 -0.680039 -0.053137
20450.000000 1050.000000 -0.929570 -20.810160 0.280030 0.149474 0.708489 -0.685587 -0.075306
20450.000000 1000.000000 -0.717916 -19.168320 0.326967 0.137756 0.711075 -0.685799 -0.071237
20450.000000 1100.000000 -1.305132 -22.134442 0.265805 0.141499 0.708412 -0.687409 -0.074828
20450.000000 8850.000000 -25.186764 -43.224063 -2.399583 0.157207 0.706498 -0.684472 -0.087437
20450.000000 9000.000000 -21.136849 -45.439558 -1.617107 0.157335 0.708077 -0.685989 -0.057376
20450.000000 8800.000000 -27.496866 -44.183617 -2.616771 0.160168 0.714005 -0.675195 -0.093028
20500.000000 1100.000000 -1.456221 -22.633249 0.287735 0.129250 0.699765 -0.698758 -0.073218
20500.000000 1050.000000 -1.053123 -21.057805 0.296238 -0.130941 -0.695763 0.702780 0.069776
20500.000000 1000.000000 -0.796863 -19.257298 0.340609 -0.113841 -0.697691 0.704581 0.061906
20500.000000 8850.000000 -25.131123 -43.322083 -2.403874 -0.151764 -0.694484 0.697794 0.087997
20500.000000 9000.000000 -21.092552 -45.599591 -1.589307 0.149059 0.698454 -0.697489 -0.058751
20500.000000 8950.000000 -21.647176 -44.777452 -1.876895 0.173024 0.692431 -0.690778 -0.115875
20550.000000 1150.000000 -2.088109 -24.575212 0.183585 0.148912 0.706270 -0.689671 -0.057985
20550.000000 1100.000000 -1.593303 -23.012569 0.279624 0.135672 0.707051 -0.691815 -0.055353
20550.000000 1200.000000 -2.648006 -25.949914 0.254258 0.142790 0.704826 -0.692194 -0.060816
20550.000000 8800.000000 -27.318113 -44.354712 -2.584243 0.169548 0.711940 -0.675928 -0.086698
20550.000000 9000.000000 -21.136778 -45.650778 -1.737057 0.145163 0.707432 -0.689363 -0.056974
20550.000000 8850.000000 -25.080224 -43.479870 -2.370337 0.162615 0.705382 -0.685146 -0.081048
20600.000000 1200.000000 -2.876095 -26.641570 0.228950 0.145183 0.707715 -0.684900 -0.094726
20600.000000 1250.000000 -3.272929 -27.786133 0.183008 0.135387 0.706942 -0.689274 -0.082487
20600.000000 1150.000000 -2.211376 -24.865171 0.193874 0.143453 0.707081 -0.687167 -0.085198
20600.000000 8850.000000 -24.876494 -43.327984 -2.376014 0.159378 0.706654 -0.680585 -0.109736
20600.000000 8950.000000 -21.878735 -44.872792 -1.943807 0.167827 0.703494 -0.679011 -0.125995
20600.000000 8800.000000 -27.336539 -44.503365 -2.567308 0.163347 0.715629 -0.669544 -0.113597
20650.000000 1250.000000 -3.496030 -28.579793 0.181808 0.150891 0.717470 -0.674873 -0.083750
20650.000000 1200.000000 -3.069682 -27.263659 0.233702 0.154938 0.718433 -0.671830 -0.092159
20650.000000 1300.000000 -3.819404 -29.507754 0.170871 0.138688 0.710940 -0.685687 -0.071858
20650.000000 8800.000000 -27.232153 -44.602769 -2.570746 0.167561 0.723471 -0.660973 -0.107834
20650.000000 8950.000000 -21.588149 -44.789288 -1.899157 0.173763 0.713613 -0.668282 -0.118162
20650.000000 9000.000000 -20.570540 -45.481923 -1.647258 0.156206 0.719298 -0.671615 -0.084522
20700.000000 1300.000000 -4.065257 -30.454748 0.168323 0.118948 0.723597 -0.677260 -0.059811
20700.000000 1250.000000 -3.719606 -29.297560 0.173721 0.124972 0.729897 -0.668962 -0.064206
20700.000000 1350.000000 -4.414785 -31.570986 0.082855 0.110981 0.730634 -0.671092 -0.059095
20700.000000 8950.000000 -20.704927 -44.285891 -1.784464 0.158917 0.725249 -0.662081 -0.102023
20700.000000 8850.000000 -23.630198 -43.102030 -2.265379 0.154445 0.725440 -0.664487 -0.091329
20700.000000 8900.000000 -23.326732 -43.737432 -2.064505 0.120847 0.728786 -0.671331 -0.059852
20750.000000 1350.000000 -4.575727 -32.561800 0.110805 0.100581 0.719263 -0.684780 -0.060175
20750.000000 1300.000000 -4.233855 -31.351165 0.199704 0.103046 0.712686 -0.691427 -0.058211
20750.000000 1400.000000 -5.068770 -33.492544 -0.010663 0.091787 0.713814 -0.692460 -0.050437
20750.000000 8800.000000 -26.600137 -44.231412 -2.538532 0.119019 0.722666 -0.676750 -0.074820
20750.000000 8850.000000 -24.080104 -42.808415 -2.443942 0.109996 0.711575 -0.690627 -0.067802
20750.000000 8950.000000 -21.603494 -44.807847 -1.855781 0.124223 0.714718 -0.683467 -0.081367
20800.000000 1400.000000 -5.234607 -34.593751 0.029932 0.056012 0.742031 -0.668010 -0.003968
20800.000000 1350.000000 -4.728511 -33.351180 0.114289 0.056134 0.744007 -0.665808 -0.001576
20800.000000 1450.000000 -5.621413 -35.594667 -0.012727 0.047585 0.738331 -0.672677 -0.010470
20850.000000 1450.000000 -5.719915 -36.590331 0.091841 0.107315 0.714717 -0.690392 -0.031975
20850.000000 1400.000000 -5.254793 -35.296415 0.115601 0.103617 0.718440 -0.687328 -0.026232
20850.000000 1500.000000 -5.925240 -37.556325 0.044389 0.107181 0.716586 -0.688803 -0.023815
20850.000000 8800.000000 -27.339240 -44.612528 -2.373003 0.073106 0.745549 -0.660590 -0.049320
20850.000000 8950.000000 -22.189242 -45.783306 -1.766089 0.121169 0.721677 -0.680119 -0.044020
20900.000000 1500.000000 -6.049804 -38.391193 0.049710 0.141177 0.717995 -0.679907 -0.047734
20900.000000 1550.000000 -6.547534 -39.637701 0.090460 0.138823 0.722090 -0.675794 -0.051160
20900.000000 1450.000000 -5.756059 -37.167420 0.100895 0.128589 0.711725 -0.688678 -0.051335
20900.000000 8950.000000 -21.694337 -45.699569 -2.063384 0.133470 0.719547 -0.675341 -0.091392
20900.000000 8850.000000 -24.126856 -44.603862 -1.982431 0.160004 0.727428 -0.663299 -0.072672
20900.000000 8800.000000 -26.788240 -45.088187 -2.520864 0.146783 0.726161 -0.668084 -0.069346
20950.000000 1550.000000 -6.790104 -40.346942 0.085150 0.225719 0.724557 -0.638238 -0.129308
20950.000000 1500.000000 -6.246837 -39.070520 0.067390 0.233260 0.721175 -0.638335 -0.134254
20950.000000 1600.000000 -7.506139 -41.336978 0.014724 0.232280 0.718092 -0.640168 -0.143440
20950.000000 9000.000000 -20.029989 -46.753925 -1.557172 0.216893 0.726606 -0.638733 -0.130464
20950.000000 8950.000000 -21.423907 -46.216350 -1.831910 0.236497 0.716638 -0.637060 -0.157015
20950.000000 9050.000000 -18.818974 -48.075492 -1.323074 0.227594 0.726027 -0.633544 -0.140382
21000.000000 1600.000000 -8.102778 -42.040823 -0.022016 0.373935 0.655935 -0.597569 -0.269876
21000.000000 1650.000000 -8.972486 -42.596194 -0.118781 0.361155 0.662002 -0.599290 -0.268647
21000.000000 1700.000000 -10.117756 -43.183346 -0.306230 0.352398 0.669146 -0.600377 -0.260013
21000.000000 9050.000000 -16.459945 -47.027429 -0.856958 0.380559 0.657455 -0.591932 -0.269341
21000.000000 9100.000000 -16.547501 -47.945389 -1.032812 0.362803 0.662938 -0.603790 -0.253623
21000.000000 8950.000000 -20.916079 -46.517402 -1.791753 0.375934 0.652105 -0.592475 -0.287064
21050.000000 1650.000000 -9.684675 -42.997162 -0.178091 0.390119 0.657840 -0.566143 -0.307466
21050.000000 1600.000000 -8.781962 -42.453905 -0.065554 0.406049 0.650840 -0.561770 -0.309752
21050.000000 1700.000000 -10.685200 -43.587932 -0.365855 0.386482 0.661680 -0.564768 -0.306347
21050.000000 9250.000000 -18.437938 -53.992701 -1.152367 0.388505 0.657535 -0.566463 -0.309567
21050.000000 9100.000000 -17.765960 -49.073972 -1.190790 0.399779 0.655326 -0.563544 -0.305192
21050.000000 9150.000000 -17.302950 -50.002471 -1.144221 0.377771 0.659889 -0.574021 -0.303869
21100.000000 1650.000000 -10.464086 -43.464426 -0.309589 0.349064 0.693895 -0.569589 -0.268763
21100.000000 1750.000000 -12.432780 -44.796626 -0.650705 0.350776 0.691248 -0.570375 -0.271671
21100.000000 1700.000000 -11.414588 -44.029263 -0.489030 0.345920 0.694915 -0.570047 -0.269220
21100.000000 9100.000000 -17.986014 -49.224019 -1.241917 0.356251 0.691365 -0.567745 -0.269751
21100.000000 9050.000000 -18.820832 -48.182054 -1.325729 0.353962 0.692359 -0.565954 -0.273944
21100.000000 9150.000000 -18.211464 -50.624685 -1.226809 0.342329 0.694716 -0.572133 -0.269898
21150.000000 1750.000000 -12.863380 -45.154675 -0.630520 0.323077 0.713728 -0.576787 -0.231364
21150.000000 1800.000000 -13.640694 -45.986828 -0.734371 0.319214 0.712191 -0.581536 -0.229571
21150.000000 1850.000000 -14.614864 -46.957719 -0.861997 0.313485 0.713981 -0.582939 -0.228342
21150.000000 9050.000000 -19.386334 -48.677049 -1.364068 0.324429 0.711213 -0.578221 -0.233626
21150.000000 9100.000000 -18.798118 -49.786317 -1.346101 0.324103 0.710557 -0.581531 -0.227791
21150.000000 9150.000000 -18.765229 -51.094129 -1.246462 0.314280 0.713987 -0.581239 -0.231541
21200.000000 1800.000000 -14.083180 -46.493883 -0.706031 0.323018 0.707672 -0.595132 -0.201686
21200.000000 1850.000000 -15.140444 -47.641779 -0.897271 0.321658 0.697196 -0.601017 -0.221885
21200.000000 1750.000000 -13.181079 -45.560663 -0.576026 0.329007 0.710206 -0.586550 -0.208138
21200.000000 9050.000000 -19.818310 -49.154039 -1.425813 0.330180 0.692535 -0.600753 -0.224661
21200.000000 9000.000000 -21.712128 -48.555355 -1.739334 0.330844 0.693790 -0.600426 -0.220651
21200.000000 9100.000000 -19.365785 -50.419747 -1.390422 0.327004 0.693721 -0.604752 -0.214697
21250.000000 1850.000000 -15.487069 -47.964986 -0.898117 0.356568 0.699452 -0.567148 -0.248936
21250.000000 1800.000000 -14.557739 -47.108009 -0.822804 0.366185 0.689704 -0.564214 -0.268103
21250.000000 1750.000000 -12.794302 -45.254182 -0.626548 0.352384 0.693310 -0.577025 -0.249379
21250.000000 9100.000000 -19.596334 -50.739735 -1.414080 0.361093 0.690975 -0.574768 -0.248610
21250.000000 9050.000000 -20.409733 -49.717837 -1.501212 0.360558 0.691854 -0.568955 -0.260051
21250.000000 9000.000000 -21.789000 -48.778889 -1.717486 0.361587 0.694272 -0.570839 -0.247758
21300.000000 1900.000000 -17.328513 -48.690607 -1.148427 0.405116 0.651878 -0.556909 -0.317472
21300.000000 1850.000000 -15.897347 -48.170019 -0.973816 0.392932 0.655469 -0.557795 -0.323774
21300.000000 1800.000000 -14.603065 -46.996812 -0.746858 0.401713 0.655390 -0.555360 -0.317280
21300.000000 9100.000000 -20.059645 -50.952932 -1.444233 0.401109 0.652098 -0.558404 -0.319475
21300.000000 9150.000000 -20.141479 -52.314382 -1.392293 0.383413 0.656395 -0.567163 -0.316964
21300.000000 9050.000000 -21.216086 -50.057323 -1.612154 0.393094 0.656518 -0.557214 -0.322450
21350.000000 1850.000000 -14.722665 -47.228770 -0.502833 0.355354 0.661748 -0.597137 -0.281497
21350.000000 1800.000000 -14.323453 -46.135405 -0.616600 0.341331 0.656496 -0.617507 -0.266816
21350.000000 1750.000000 -12.887261 -45.288325 -0.623411 0.351192 0.643400 -0.610165 -0.300665
21350.000000 9100.000000 -20.956355 -50.985266 -1.556453 0.333315 0.655676 -0.621698 -0.269226
21350.000000 9050.000000 -21.601238 -49.849249 -1.632220 0.325210 0.659602 -0.618740 -0.276270
21350.000000 9000.000000 -22.492797 -48.811161 -1.773416 0.340867 0.657085 -0.608384 -0.286213
21400.000000 1850.000000 -16.366361 -47.709246 -0.950664 0.294744 0.695530 -0.622487 -0.204632
21400.000000 1800.000000 -14.386763 -45.529342 -0.569614 0.299075 0.692637 -0.627268 -0.193243
21400.000000 1750.000000 -13.123119 -45.378662 -0.640390 0.330728 0.672908 -0.619346 -0.232862
21400.000000 9000.000000 -22.970754 -48.789955 -1.859949 0.302086 0.690675 -0.620845 -0.215087
21400.000000 9050.000000 -22.105568 -49.771900 -1.674093 0.292565 0.695143 -0.622841 -0.207967
21400.000000 9100.000000 -21.650365 -51.057445 -1.644789 0.300844 0.691441 -0.624926 -0.202162
21450.000000 1800.000000 -15.459757 -46.066605 -0.812454 0.243628 0.705686 -0.644702 -0.164353
21450.000000 1850.000000 -16.864147 -47.822294 -1.034610 0.247713 0.708712 -0.635361 -0.180779
21450.000000 1750.000000 -14.873558 -45.218189 -0.853480 0.238436 0.703028 -0.647915 -0.170605
21450.000000 9000.000000 -23.224152 -48.221640 -1.827998 0.255219 0.705853 -0.633093 -0.189281
21450.000000 9050.000000 -22.720481 -49.775461 -1.746968 0.248283 0.708004 -0.634337 -0.186287
21450.000000 9100.000000 -22.188284 -51.103529 -1.717594 0.256963 0.703563 -0.636563 -0.183731
21500.000000 1800.000000 -16.149679 -46.059273 -1.093622 0.196974 0.711400 -0.659119 -0.143786
21500.000000 1850.000000 -17.424593 -47.552922 -1.136564 0.206392 0.719693 -0.647224 -0.143334
21500.000000 1750.000000 -13.571902 -45.597378 -0.679766 0.278082 0.704488 -0.616068 -0.216396
21500.000000 8900.000000 -26.359163 -47.396597 -2.291863 0.221767 0.720733 -0.637003 -0.159968
21500.000000 9000.000000 -23.870898 -48.089727 -1.936316 0.216364 0.717953 -0.644794 -0.148225
21500.000000 8950.000000 -25.057613 -47.799218 -2.117823 0.226332 0.716923 -0.635722 -0.175080
21550.000000 1850.000000 -18.025695 -47.605206 -1.173548 0.110492 0.741097 -0.658653 -0.068869
21550.000000 1800.000000 -16.624690 -46.120975 -0.982145 0.119394 0.735820 -0.663760 -0.061130
21550.000000 1750.000000 -16.006537 -45.319451 -0.932971 0.120335 0.737019 -0.661323 -0.070535
21550.000000 8900.000000 -26.653369 -47.052872 -2.294748 0.135581 0.742669 -0.647457 -0.104206
21550.000000 8950.000000 -25.496534 -47.189271 -2.108334 0.119080 0.741805 -0.654651 -0.083530
21550.000000 8850.000000 -28.148083 -46.869458 -2.589493 0.122010 0.737317 -0.659245 -0.082907
21600.000000 1800.000000 -17.380638 -46.141550 -1.062566 0.020430 0.744117 -0.667693 -0.007633
21600.000000 1850.000000 -18.358955 -47.448309 -1.200536 0.022242 0.747599 -0.663522 -0.018462
21600.000000 1750.000000 -16.682723 -45.748581 -1.091796 0.042748 0.742265 -0.667754 -0.036345
21600.000000 8850.000000 -28.679914 -46.588554 -2.636843 0.041309 0.746334 -0.663595 -0.030330
21600.000000 8900.000000 -27.408470 -46.940415 -2.386620 0.039619 0.749457 -0.660240 -0.028766
21600.000000 8800.000000 -29.916125 -46.629826 -2.858296 0.057350 0.751620 -0.655162 -0.050408
21650.000000 1850.000000 -18.651730 -48.048406 -1.324837 -0.047550 0.723915 -0.682836 0.086148
21650.000000 1800.000000 -17.453315 -46.848258 -1.207388 -0.034703 0.716863 -0.693609 0.061715
21650.000000 1750.000000 -18.316077 -44.917403 -2.032860 -0.003863 -0.650577 0.678474 -0.341186
21650.000000 8800.000000 -30.327703 -46.741815 -2.931950 -0.019864 0.735052 -0.675579 0.053825
21650.000000 8850.000000 -29.073800 -46.980282 -2.705055 -0.024155 0.729660 -0.681289 0.053462
21650.000000 8900.000000 -27.780177 -47.429186 -2.492301 -0.022481 0.732535 -0.677981 0.056831
21700.000000 8800.000000 -30.626740 -46.963410 -2.966615 -0.080688 0.715637 -0.679972 0.137810
21700.000000 8750.000000 -32.079964 -47.053193 -3.141145 -0.067628 0.715796 -0.683389 0.126658
21700.000000 8700.000000 -33.580269 -47.461851 -3.376303 -0.067358 0.714276 -0.684524 0.129226
21750.000000 8700.000000 -33.954372 -47.634590 -3.382840 -0.160764 0.684359 -0.679145 0.211114
21750.000000 8650.000000 -35.100604 -48.527928 -3.532349 -0.153104 0.691619 -0.675077 0.206141
21750.000000 8750.000000 -32.358727 -47.166549 -3.180144 -0.159896 0.684636 -0.681005 0.204790
21800.000000 9500.000000 -24.294152 -66.174414 -1.637712 0.718230 0.282330 -0.175488 -0.611260
21800.000000 8500.000000 -37.868837 -52.554690 -3.809248 -0.226987 0.681822 -0.649269 0.249092
21800.000000 8400.000000 -38.435464 -55.256578 -3.848118 -0.224777 0.686085 -0.648899 0.240191
21850.000000 8400.000000 -38.664766 -55.754872 -3.885730 -0.311694 0.641848 -0.625221 0.316190
21850.000000 8600.000000 -36.726542 -50.420651 -3.781576 -0.299345 0.637985 -0.634412 0.317632
21850.000000 8650.000000 -35.447781 -49.011994 -3.610718 -0.306254 0.640278 -0.625654 0.323743
21900.000000 8400.000000 -38.776345 -56.264959 -3.896663 -0.382103 0.610884 -0.592471 0.360272
21900.000000 8350.000000 -39.043210 -57.826295 -3.897758 -0.384167 0.611350 -0.591252 0.359287
21900.000000 8300.000000 -38.993783 -58.745433 -3.807588 -0.379794 0.613158 -0.587850 0.366369
21950.000000 8350.000000 -39.295691 -58.369915 -3.919327 -0.434969 0.568985 -0.566049 0.408223
21950.000000 8250.000000 -39.078722 -61.332725 -3.732695 -0.436735 0.565910 -0.562326 0.415691
21950.000000 8400.000000 -38.964023 -56.926140 -3.911035 -0.434828 0.567737 -0.562698 0.414693
22000.000000 8300.000000 -39.357309 -60.166086 -3.871364 0.473971 -0.531242 0.537025 -0.452480
22000.000000 8200.000000 -38.773453 -62.955743 -3.665800 0.468804 -0.537616 0.540387 -0.446288
22000.000000 8250.000000 -39.118081 -61.766596 -3.747956 0.479359 -0.529203 0.536940 -0.449282
22050.000000 8250.000000 -39.009571 -62.210555 -3.735747 0.544947 -0.485455 0.514534 -0.450134
22050.000000 8200.000000 -38.735279 -63.365411 -3.655515 0.534859 -0.496452 0.517421 -0.446919
22050.000000 8300.000000 -39.195380 -60.917874 -3.855887 0.544833 -0.483803 0.512844 -0.453963
22100.000000 8250.000000 -39.135585 -62.879178 -3.717248 0.603105 -0.390389 0.457228 -0.524217
22100.000000 8200.000000 -38.700913 -64.037123 -3.647825 0.590002 -0.402424 0.475154 -0.513985
22100.000000 9950.000000 -38.324551 -64.670394 -3.536361 0.595799 -0.399869 0.469722 -0.514286
22150.000000 9950.000000 -38.030982 -65.231237 -3.485924 0.624406 -0.354356 0.407278 -0.564512
22150.000000 8200.000000 -38.505433 -64.570778 -3.601234 0.618936 -0.354456 0.412233 -0.566870
22150.000000 9900.000000 -37.403527 -66.536637 -3.304575 0.626447 -0.350874 0.406896 -0.564701
22200.000000 9900.000000 -37.197621 -67.052774 -3.260335 0.663034 -0.294700 0.330636 -0.603505
22200.000000 9950.000000 -37.790615 -65.819835 -3.441761 0.659591 -0.299649 0.331661 -0.604278
22200.000000 8100.000000 -36.843079 -67.428463 -3.337282 0.663636 -0.293777 0.331972 -0.602558
22250.000000 9850.000000 -36.011619 -68.581953 -3.016103 0.718625 -0.188034 0.241190 -0.624538
22250.000000 9900.000000 -36.751399 -67.565360 -3.182822 0.716440 -0.188408 0.253307 -0.622134
22250.000000 9800.000000 -34.887055 -68.899961 -2.845280 0.711807 -0.192493 0.257734 -0.624380
22300.000000 9800.000000 -34.522284 -69.536170 -2.748951 0.725644 -0.111093 0.212850 -0.644821
22300.000000 9850.000000 -35.341048 -68.828926 -2.962983 0.734414 -0.101309 0.190351 -0.643536
22300.000000 8000.000000 -34.106193 -69.645489 -2.770499 0.739173 -0.101010 0.193312 -0.637221
22350.000000 9750.000000 -32.666197 -70.209418 -2.478674 0.770398 -0.038623 0.157245 -0.616660
22350.000000 9800.000000 -33.547722 -69.676201 -2.651769 0.765436 -0.014435 0.133516 -0.629343
22350.000000 8000.000000 -33.369493 -69.888841 -2.688005 0.771553 -0.015538 0.134600 -0.621569
22400.000000 9750.000000 -31.689796 -70.072724 -2.424955 0.755380 0.081914 0.032046 -0.649357
22400.000000 9700.000000 -30.651927 -70.106635 -2.287455 0.754515 0.068917 0.054654 -0.650362
22400.000000 9650.000000 -29.439093 -69.927830 -2.083103 0.756262 0.071366 0.047026 -0.648663
22450.000000 9650.000000 -28.747775 -70.078759 -1.928348 0.758341 0.166032 -0.032945 -0.629497
22450.000000 9700.000000 -29.925098 -70.057851 -2.190587 0.753254 0.178162 -0.051719 -0.631024
22450.000000 9600.000000 -27.464866 -69.339706 -1.823083 0.755083 0.180246 -0.057269 -0.627760
22500.000000 9650.000000 -28.078789 -69.472169 -1.916976 0.720960 0.279555 -0.152218 -0.615545
22500.000000 9600.000000 -26.624967 -69.278716 -1.718675 0.714522 0.287325 -0.164004 -0.616446
22500.000000 9500.000000 -25.159690 -67.100779 -1.597162 0.721797 0.271354 -0.149763 -0.618827
22550.000000 9500.000000 -24.631457 -66.877213 -1.538601 0.695563 0.346184 -0.214356 -0.591947
22550.000000 9550.000000 -25.419497 -68.124617 -1.561045 0.699346 0.338913 -0.192382 -0.599202
22550.000000 9600.000000 -26.470020 -68.411775 -1.743940 0.697629 0.356458 -0.216559 -0.582540
22600.000000 9550.000000 -25.320056 -67.143103 -1.625976 0.651956 0.413416 -0.255300 -0.582118
22600.000000 9500.000000 -24.330952 -66.266212 -1.519226 0.644559 0.420107 -0.274462 -0.576822
22600.000000 9400.000000 -22.919356 -64.291429 -1.266771 0.661506 0.408660 -0.249159 -0.577344
22650.000000 9500.000000 -24.577744 -65.483438 -1.602121 0.654149 0.422468 -0.301424 -0.550230
22650.000000 9400.000000 -22.524857 -63.980556 -1.162057 0.663871 0.421183 -0.284221 -0.548724
22650.000000 9450.000000 -22.985377 -65.594852 -1.174253 0.663197 0.412557 -0.275082 -0.560621
22700.000000 9400.000000 -23.051068 -63.133613 -1.496626 0.653627 0.409989 -0.290817 -0.565779
22700.000000 9450.000000 -23.470349 -64.238962 -1.503178 0.649204 0.413388 -0.291561 -0.568011
22700.000000 9350.000000 -22.644903 -61.787867 -1.400950 0.657199 0.417205 -0.288469 -0.557509
22750.000000 9350.000000 -22.385420 -61.350321 -1.414344 0.668265 0.460125 -0.283427 -0.511250
22750.000000 9400.000000 -22.781560 -62.557840 -1.485884 0.666236 0.458081 -0.292714 -0.510500
22750.000000 9450.000000 -23.380500 -63.435782 -1.522828 0.661513 0.466071 -0.291916 -0.509866
22800.000000 9350.000000 -22.105797 -60.751021 -1.397847 0.641931 0.497923 -0.315961 -0.490068
22800.000000 9300.000000 -21.771833 -59.563402 -1.337899 0.645665 0.498931 -0.306018 -0.490446
22800.000000 9400.000000 -22.681305 -61.720926 -1.516400 0.634399 0.504205 -0.330397 -0.483894
22850.000000 9300.000000 -21.315526 -58.762200 -1.282956 0.609785 0.542543 -0.366302 -0.446801
22850.000000 9350.000000 -22.032744 -60.056663 -1.414203 0.614998 0.530201 -0.354297 -0.463829
22850.000000 9250.000000 -21.333524 -57.708060 -1.371487 0.623617 0.522655 -0.344410 -0.468311
22900.000000 9200.000000 -21.062439 -55.853490 -1.337753 0.560429 0.598132 -0.393904 -0.415929
22900.000000 9250.000000 -21.103443 -57.162500 -1.346323 0.564165 0.595416 -0.392085 -0.416494
22900.000000 9300.000000 -21.721587 -58.275219 -1.394731 0.559503 0.600246 -0.394834 -0.413238
22950.000000 9200.000000 -21.168339 -55.254821 -1.378295 0.496281 0.638747 -0.452915 -0.374933
22950.000000 9150.000000 -21.395388 -54.035367 -1.461754 0.502339 0.636125 -0.447476 -0.377844
22950.000000 9100.000000 -21.794052 -53.085304 -1.603571 0.509826 0.636682 -0.442014 -0.373279
23000.000000 9150.000000 -21.692981 -53.457209 -1.542770 0.423432 0.680396 -0.515756 -0.302923
23000.000000 9100.000000 -21.714070 -52.326664 -1.594430 0.435568 0.677311 -0.510534 -0.301473
23000.000000 9050.000000 -22.379165 -51.221968 -1.712306 0.424867 0.680802 -0.514641 -0.301898
23050.000000 9050.000000 -22.305463 -50.440216 -1.697725 0.319583 0.719006 -0.562065 -0.254914
23050.000000 9100.000000 -22.145137 -51.869352 -1.720825 0.331173 0.716276 -0.562482 -0.246753
23050.000000 9150.000000 -21.934957 -52.969841 -1.582831 0.322926 0.718384 -0.563275 -0.249729
23100.000000 9000.000000 -23.958030 -49.288206 -2.001879 0.241907 0.749213 -0.599071 -0.145861
23100.000000 8950.000000 -24.785385 -48.450688 -2.074990 0.256290 0.746161 -0.588824 -0.175630
23100.000000 9050.000000 -23.099969 -50.274229 -1.832767 0.242412 0.749514 -0.595255 -0.158544
23150.000000 8900.000000 -26.192429 -47.217033 -2.206057 0.179500 0.760084 -0.617942 -0.090557
23150.000000 9000.000000 -24.401786 -49.002117 -2.097407 0.164689 0.754374 -0.631140 -0.073896
23150.000000 8950.000000 -25.316507 -48.025159 -2.168614 0.163491 0.758264 -0.627366 -0.068691
23200.000000 8900.000000 -27.064833 -47.420709 -2.389648 0.068974 0.773946 -0.629474 0.003597
23200.000000 8850.000000 -28.183402 -46.634534 -2.553866 0.072187 0.776739 -0.625655 -0.004696
23200.000000 9000.000000 -24.979077 -48.819057 -2.189606 0.076306 0.768068 -0.635655 -0.013839
23250.000000 8900.000000 -27.753018 -47.357769 -2.461933 -0.017110 0.782497 -0.618357 0.070995
23250.000000 8800.000000 -29.815953 -46.616385 -2.860244 0.022088 0.785777 -0.617544 0.026577
23250.000000 8850.000000 -28.808552 -46.576565 -2.662250 -0.013282 0.777591 -0.625583 0.061826
23300.000000 8800.000000 -30.459021 -46.686367 -2.937342 -0.111900 0.748363 -0.639409 0.136337
23300.000000 8700.000000 -33.355823 -47.174559 -3.335735 -0.102749 0.747981 -0.643214 0.127445
23300.000000 8600.000000 -35.471042 -49.215753 -3.597501 -0.101143 0.748248 -0.642129 0.132539
23350.000000 8700.000000 -33.649906 -47.381206 -3.391336 -0.186493 0.718620 -0.642137 0.190959
23350.000000 8600.000000 -35.839150 -49.329391 -3.644816 -0.175160 0.723818 -0.642047 0.182161
23350.000000 8650.000000 -34.911975 -48.235394 -3.531047 -0.177137 0.726853 -0.638969 0.178960
23400.000000 8600.000000 -36.119861 -49.645337 -3.680502 -0.219916 0.709728 -0.627299 0.233280
23400.000000 8500.000000 -37.523970 -51.958750 -3.775150 -0.220334 0.708407 -0.624277 0.244727
23400.000000 8700.000000 -34.089527 -47.525105 -3.414857 -0.247650 0.699057 -0.624270 0.245510
23450.000000 9550.000000 -25.023272 -67.223578 -1.694705 0.730441 0.370954 -0.219091 -0.529952
23450.000000 8500.000000 -37.723458 -52.332257 -3.807991 -0.294251 0.700601 -0.590452 0.271921
23450.000000 8600.000000 -36.384935 -50.091407 -3.717720 -0.304715 0.696645 -0.590952 0.269462
23500.000000 8400.000000 -38.573803 -55.623520 -3.886148 -0.350497 0.640348 -0.599689 0.327840
23500.000000 8500.000000 -37.931597 -52.900987 -3.845746 -0.349917 0.634258 -0.603240 0.333732
23500.000000 8550.000000 -37.511215 -51.512950 -3.815715 -0.354112 0.635741 -0.604791 0.323521
23550.000000 8400.000000 -38.689541 -56.169519 -3.910625 -0.379891 0.606763 -0.601255 0.354985
23550.000000 8350.000000 -39.057862 -57.769291 -3.906732 -0.381968 0.608167 -0.600704 0.351267
23550.000000 8600.000000 -36.767242 -50.668582 -3.804010 0.367233 -0.602926 0.613729 -0.353492
23600.000000 8350.000000 -39.095896 -58.212909 -3.912886 -0.418381 0.608338 -0.546755 0.394893
23600.000000 8400.000000 -38.735160 -56.829826 -3.907133 -0.418678 0.606503 -0.543413 0.401951
23600.000000 8300.000000 -39.004487 -59.232607 -3.840983 -0.411758 0.610119 -0.544784 0.401772
23650.000000 8250.000000 -38.964158 -61.538031 -3.745256 0.483764 -0.541098 0.541796 -0.423842
23650.000000 8300.000000 -39.153006 -59.962252 -3.861980 -0.477329 0.543306 -0.542333 0.427611
23650.000000 8200.000000 -38.596901 -62.670394 -3.659585 -0.470133 0.552715 -0.546655 0.417911
23700.000000 8250.000000 -38.993032 -62.156139 -3.742363 0.503841 -0.497619 0.533028 -0.463036
23700.000000 8200.000000 -38.627781 -63.330711 -3.660616 0.493578 -0.507321 0.536778 -0.459211
23700.000000 9950.000000 -38.218522 -63.827532 -3.549436 0.504799 -0.504102 0.528904 -0.459695
23750.000000 9950.000000 -38.091187 -64.648003 -3.522034 0.536168 -0.452248 0.484760 -0.522497
23750.000000 8250.000000 -38.949127 -62.705134 -3.721411 0.538321 -0.443911 0.486465 -0.525838
23750.000000 8200.000000 -38.537523 -64.011530 -3.633904 0.529296 -0.453935 0.490671 -0.522523
23800.000000 8100.000000 -36.799914 -67.242125 -3.364398 0.492839 -0.464492 0.533687 -0.506493
23800.000000 8150.000000 -37.723249 -65.937303 -3.517328 0.497982 -0.459502 0.527974 -0.511972
23800.000000 8550.000000 -37.436553 -52.359041 -3.765398 0.497121 -0.463109 0.532459 -0.504865
23850.000000 8550.000000 -37.470227 -52.147629 -3.784832 0.452487 -0.462464 0.572380 -0.503750
23850.000000 8600.000000 -36.407069 -50.995538 -3.704171 0.461226 -0.447892 0.566360 -0.515655
23850.000000 8650.000000 -35.183718 -49.389291 -3.547909 0.454521 -0.454455 0.569003 -0.512950
23900.000000 8550.000000 -37.301557 -52.489841 -3.758065 0.446054 -0.483746 0.559331 -0.504158
23900.000000 8600.000000 -36.206647 -51.551671 -3.647398 0.444171 -0.485753 0.555569 -0.508035
23900.000000 8650.000000 -35.072783 -49.766550 -3.507102 0.437753 -0.493653 0.555520 -0.506040
23950.000000 8550.000000 -37.241710 -52.482845 -3.749074 0.452821 -0.477420 0.546041 -0.518519
23950.000000 8600.000000 -36.020409 -51.629156 -3.620983 0.460320 -0.470315 0.539800 -0.524904
23950.000000 8650.000000 -34.931429 -49.764335 -3.495742 0.447999 -0.481731 0.543550 -0.521331
24000.000000 8350.000000 -39.095800 -60.101442 -3.808698 -0.535287 0.392777 -0.500567 0.555542
24000.000000 8250.000000 -38.437423 -63.654695 -3.574815 -0.526246 0.392090 -0.513611 0.552752
24000.000000 8550.000000 -36.887414 -52.661811 -3.679067 -0.528224 0.398528 -0.515942 0.544021
24050.000000 8250.000000 -37.838889 -63.482167 -3.504889 -0.560349 0.363412 -0.468865 0.578019
24050.000000 8350.000000 -38.262195 -59.894582 -3.740969 -0.561264 0.365121 -0.469412 0.575605
24050.000000 8150.000000 -36.830485 -66.243368 -3.379037 -0.561670 0.365415 -0.471557 0.573265
24100.000000 8350.000000 -38.354072 -60.115426 -3.639882 -0.557511 0.381593 -0.468632 0.569168
24100.000000 8250.000000 -37.602790 -63.573165 -3.433935 -0.547695 0.372015 -0.473156 0.581171
24100.000000 8150.000000 -36.532780 -66.139454 -3.336506 -0.549388 0.377817 -0.479138 0.570837
24150.000000 8250.000000 -37.601939 -63.136613 -3.480658 -0.498577 0.412498 -0.515969 0.561286
24150.000000 8450.000000 -37.004881 -56.296897 -3.562836 -0.500454 0.429699 -0.514083 0.548291
24150.000000 8400.000000 -36.960887 -58.088046 -3.616789 -0.514173 0.410543 -0.497457 0.565347
24200.000000 8450.000000 -36.476303 -56.806455 -3.470319 0.443385 -0.484939 0.560479 -0.504091
24200.000000 8350.000000 -37.521309 -59.724751 -3.679313 0.440287 -0.465308 0.570516 -0.513953
24200.000000 8550.000000 -36.559663 -52.360328 -3.648747 0.452884 -0.476912 0.561644 -0.502004
24250.000000 8450.000000 -37.970654 -55.020071 -3.343927 -0.356706 0.601408 -0.559239 0.445332
24250.000000 8400.000000 -36.894542 -57.936691 -3.611289 0.418355 -0.495175 0.580225 -0.493072
24250.000000 8600.000000 nan nan nan nan nan nan nan
24300.000000 8450.000000 nan nan nan nan nan nan nan
24300.000000 8400.000000 nan nan nan nan nan nan nan
24350.000000 8600.000000 nan nan nan nan nan nan nan
24350.000000 8550.000000 nan nan nan nan nan nan nan
24350.000000 8650.000000 nan nan nan nan nan nan nan
24950.000000 8450.000000 nan nan nan nan nan nan nan
25050.000000 8650.000000 nan nan nan nan nan nan nan
28300.000000 14950.000000 59.216995 -69.317994 28.436741 0.708631 -0.091090 0.150875 -0.683214
28350.000000 14900.000000 57.724693 -70.743402 27.998520 -0.684722 0.124525 -0.211069 0.686366
28400.000000 14350.000000 47.160492 -71.455535 23.512707 0.604268 -0.158801 0.557161 -0.547004
28400.000000 14900.000000 57.486251 -70.847545 28.060401 -0.674932 0.139449 -0.216507 0.691481
28400.000000 14400.000000 49.529013 -74.016021 25.267431 0.686822 -0.109948 0.215014 -0.685533
28450.000000 14500.000000 51.239390 -72.874010 26.066161 -0.665922 0.138319 -0.229979 0.696079
28450.000000 14450.000000 50.273843 -73.783018 25.793842 -0.667521 0.149241 -0.215683 0.696867
28450.000000 14550.000000 52.273894 -72.269978 26.189411 -0.663079 0.155711 -0.224364 0.696951
28500.000000 14550.000000 52.316801 -71.994084 26.203423 -0.660687 0.198450 -0.256964 0.676816
28500.000000 14500.000000 51.517431 -72.545900 26.159741 -0.663650 0.180487 -0.254335 0.679932
28500.000000 14600.000000 52.644175 -72.033485 26.719423 -0.662864 0.200220 -0.249150 0.677088
28550.000000 14600.000000 52.784442 -71.360498 26.823553 -0.646078 0.252841 -0.297112 0.656033
28550.000000 14650.000000 53.936464 -71.207727 27.621634 0.657310 -0.262741 0.270418 -0.652522
28550.000000 14500.000000 51.478417 -72.546658 26.223854 0.658885 -0.212877 0.295998 -0.657981
28600.000000 14600.000000 53.933987 -70.681488 26.631941 -0.636342 0.248107 -0.335119 0.649004
28600.000000 14650.000000 55.172703 -70.470905 27.187664 -0.645844 0.247619 -0.319061 0.647897
28600.000000 14450.000000 50.776124 -72.627410 25.703888 -0.643491 0.246720 -0.319759 0.650233
28650.000000 14600.000000 53.843421 -70.315128 26.799484 -0.619248 0.232781 -0.301715 0.686522
28650.000000 14650.000000 55.740583 -69.938466 27.267186 -0.629186 0.213358 -0.294303 0.687015
28650.000000 14700.000000 56.667345 -69.229332 27.575439 -0.618408 0.221072 -0.310727 0.687129
28700.000000 14650.000000 55.995280 -69.543114 27.233437 -0.638509 0.226386 -0.309396 0.667331
28700.000000 14700.000000 56.879151 -69.091641 27.578113 -0.634025 0.227565 -0.319054 0.666657
28700.000000 14600.000000 54.620865 -69.885648 26.664286 -0.629479 0.225982 -0.322455 0.669859
28750.000000 14650.000000 56.396444 -69.188927 27.282452 -0.656499 0.200347 -0.268408 0.675890
28750.000000 14700.000000 57.259706 -68.779215 27.630771 -0.654275 0.199106 -0.276978 0.674955
28750.000000 14500.000000 52.888420 -70.861604 26.236432 -0.662407 0.176312 -0.270482 0.675996
28800.000000 14700.000000 57.552253 -68.525992 27.658201 -0.651816 0.191884 -0.262983 0.684950
28800.000000 14650.000000 56.534562 -68.977505 27.256715 -0.652049 0.194832 -0.255872 0.686587
28800.000000 14850.000000 60.438253 -68.004816 28.349293 -0.657444 0.164191 -0.242757 0.694174
28850.000000 14700.000000 57.813480 -67.904700 27.622536 -0.652279 0.187227 -0.262190 0.686101
28850.000000 14650.000000 56.834888 -68.232472 27.238932 -0.653784 0.190835 -0.264696 0.682704
28850.000000 14800.000000 59.658004 -67.683397 28.296534 -0.658353 0.177608 -0.260074 0.683658
28900.000000 14850.000000 60.994123 -66.985224 28.319469 -0.666946 0.128861 -0.224604 0.698664
28900.000000 14700.000000 58.214073 -67.656747 27.659130 -0.670727 0.145928 -0.215971 0.694397
28900.000000 14750.000000 59.103343 -67.400565 28.035947 -0.670996 0.148690 -0.227987 0.689694
28950.000000 14700.000000 58.656807 -67.390940 27.602094 0.710516 -0.041357 0.092108 -0.696400
28950.000000 14900.000000 61.878876 -66.093832 28.346796 0.710274 -0.042087 0.098402 -0.695742
28950.000000 14850.000000 61.309088 -66.503727 28.287278 0.712871 -0.037478 0.111496 -0.691360
29000.000000 14950.000000 62.223754 -64.586525 28.485039 0.737061 0.043533 0.005381 -0.674401
29000.000000 14900.000000 61.889256 -65.487291 28.313176 0.727683 0.051174 0.016277 -0.683808
29000.000000 14700.000000 58.659379 -66.892792 27.561189 0.718194 0.022038 0.021832 -0.695151
29050.000000 15000.000000 61.863844 -62.474610 28.396848 0.702610 0.276873 -0.206252 -0.622207
29050.000000 15100.000000 60.514123 -61.228312 27.765547 0.699346 0.267479 -0.220129 -0.625230
29050.000000 15050.000000 61.165531 -61.757091 28.153476 0.694285 0.276753 -0.218422 -0.627430
29100.000000 14150.000000 nan nan nan nan nan nan nan
29100.000000 14300.000000 50.284763 -70.722936 24.498579 0.661065 0.477751 -0.363722 -0.449948
29100.000000 14100.000000 nan nan nan nan nan nan nan
29150.000000 14300.000000 51.146297 -70.329764 24.898865 0.598219 0.628486 -0.359668 -0.343189
29150.000000 14350.000000 51.756614 -69.588306 25.270717 0.612935 0.622549 -0.362090 -0.325013
29150.000000 14150.000000 nan nan nan nan nan nan nan
29200.000000 14100.000000 nan nan nan nan nan nan nan
29200.000000 14300.000000 50.964033 -70.369271 24.803041 0.572589 0.660024 -0.369815 -0.315829
29200.000000 14050.000000 nan nan nan nan nan nan nan
29250.000000 14050.000000 46.567978 -74.213029 22.746832 0.518814 0.672731 -0.412190 -0.329188
29250.000000 14100.000000 nan nan nan nan nan nan nan
29250.000000 14200.000000 nan nan nan nan nan nan nan
29300.000000 14050.000000 nan nan nan nan nan nan nan
29350.000000 14050.000000 45.631063 -74.691771 22.433997 0.467530 0.679263 -0.477408 -0.303478
29350.000000 14000.000000 nan nan nan nan nan nan nan
29400.000000 14000.000000 44.566343 -75.340424 22.273674 0.415779 0.709930 -0.518473 -0.233051
29400.000000 14050.000000 45.522541 -74.648074 22.500749 0.434430 0.702727 -0.500960 -0.257846
30000.000000 26800.000000 36.455394 -82.692994 20.273158 0.168843 0.737931 -0.645941 -0.098545
30000.000000 26850.000000 36.950886 -83.010438 20.566224 0.164324 0.737826 -0.646568 -0.102768
30000.000000 26900.000000 37.574411 -83.676730 20.837187 0.177143 0.732001 -0.649555 -0.104277
30050.000000 26900.000000 37.325059 -84.250780 20.801156 0.109084 0.737866 -0.661684 -0.076351
30050.000000 26850.000000 36.684916 -83.572303 20.530947 0.097018 0.743497 -0.657340 -0.075525
30050.000000 26800.000000 36.114115 -83.306145 20.217328 0.099293 0.742661 -0.658672 -0.068899
30100.000000 26900.000000 37.079019 -84.897445 20.836300 0.141864 0.707198 -0.689453 -0.066341
30100.000000 26950.000000 37.744185 -86.125201 20.830272 0.143063 0.714198 -0.680240 -0.082027
30100.000000 27000.000000 37.845940 -87.197307 20.801217 0.139405 0.707882 -0.688128 -0.077132
30150.000000 26950.000000 37.456258 -86.880569 20.792521 0.074214 0.737472 -0.669858 -0.043783
30150.000000 27000.000000 37.568250 -87.845880 20.783931 0.069223 0.729937 -0.678711 -0.041836
30150.000000 26900.000000 36.832760 -85.576691 20.813988 0.083119 0.725057 -0.682714 -0.035860
30200.000000 27000.000000 37.460253 -88.501581 20.791956 -0.026284 -0.671581 0.740364 -0.012224
30200.000000 27050.000000 37.610765 -89.632535 20.953358 -0.030675 -0.672356 0.739495 -0.011991
30200.000000 26950.000000 37.296305 -87.303340 20.781272 -0.039157 -0.671177 0.740262 -0.000107
30250.000000 27100.000000 37.577283 -90.844460 21.419581 0.014627 -0.639998 0.767860 -0.024077
30250.000000 27050.000000 37.555576 -90.036451 21.105854 0.005037 -0.645552 0.763396 -0.021546
30250.000000 27000.000000 37.358451 -88.381660 20.801245 0.010737 -0.633799 0.773055 -0.023864
30300.000000 27150.000000 37.480868 -91.829581 21.807873 0.037369 -0.628321 0.772420 -0.084757
30300.000000 27100.000000 37.587031 -91.200005 21.566408 0.043864 -0.624552 0.775098 -0.085053
30300.000000 27200.000000 37.484993 -92.521033 22.074177 0.031687 -0.628064 0.773594 -0.078008
30350.000000 27200.000000 37.480862 -93.070612 22.265718 0.027629 -0.645204 0.761000 -0.061867
30350.000000 27150.000000 37.499333 -92.127675 21.943201 0.029824 -0.645603 0.760685 -0.060538
30350.000000 27100.000000 37.586608 -91.371404 21.650611 0.037804 -0.639374 0.765319 -0.063709
30400.000000 27200.000000 37.470753 -93.434619 22.423777 0.025582 -0.653746 0.752510 -0.075434
30400.000000 27250.000000 37.407195 -94.328843 22.715249 0.034495 -0.645182 0.759596 -0.074596
30400.000000 27150.000000 37.503793 -92.422552 22.077426 0.019542 -0.654315 0.752528 -0.072052
30450.000000 27300.000000 37.303756 -95.767487 22.757415 0.055407 -0.602188 0.790789 -0.094619
30450.000000 27250.000000 37.444121 -94.758992 22.789785 0.062601 -0.593992 0.795931 -0.098737
30450.000000 27200.000000 37.604877 -93.195340 22.332119 0.043357 -0.605168 0.790658 -0.082172
30500.000000 27300.000000 37.317550 -96.173328 22.859026 0.057984 -0.611329 0.783132 -0.098077
30500.000000 27350.000000 37.362202 -97.289231 23.236609 0.053445 -0.612611 0.782474 -0.097908
30500.000000 27400.000000 37.413441 -98.272503 23.601624 0.070538 -0.604792 0.786520 -0.103134
30550.000000 27350.000000 37.392555 -97.471648 23.325604 0.077635 -0.619396 0.773753 -0.107826
30550.000000 27400.000000 37.441835 -98.552077 23.736447 0.109923 -0.611460 0.774788 -0.117201
30550.000000 27300.000000 37.333582 -96.355346 22.928113 0.085108 -0.613360 0.776624 -0.115764
30600.000000 27400.000000 37.460319 -98.720228 23.787390 0.125247 -0.598911 0.779098 -0.136474
30600.000000 27450.000000 37.532318 -99.595316 24.149568 0.118781 -0.601631 0.777270 -0.140648
30600.000000 27350.000000 37.357463 -97.766547 23.427015 0.116299 -0.607040 0.773860 -0.138270
30650.000000 27500.000000 37.727170 -100.799371 24.620937 0.130919 -0.594606 0.775472 -0.167173
30650.000000 27450.000000 37.572385 -99.823751 24.266612 0.128999 -0.596762 0.775001 -0.163119
30650.000000 27550.000000 37.918404 -101.982048 24.934235 0.135750 -0.593360 0.774631 -0.171589
30700.000000 27550.000000 37.973718 -102.176205 24.986204 0.149017 -0.601889 0.766893 -0.165525
30700.000000 27500.000000 37.774695 -100.989462 24.670572 0.142836 -0.605196 0.766473 -0.160793
30700.000000 27600.000000 38.216602 -103.327266 25.079850 0.143509 -0.606536 0.765140 -0.161493
30750.000000 27600.000000 38.321852 -103.621562 25.137847 0.173979 -0.585946 0.766763 -0.196147
30750.000000 27650.000000 38.669741 -104.591761 25.524452 0.174615 -0.582662 0.769696 -0.193862
30750.000000 27550.000000 38.047141 -102.345362 25.006456 0.169009 -0.582441 0.768916 -0.202402
30800.000000 27650.000000 38.737692 -104.742671 25.598784 0.183997 -0.578421 0.756226 -0.244329
30800.000000 27700.000000 39.159553 -105.513279 26.046784 0.175570 -0.586853 0.752840 -0.240854
30800.000000 27750.000000 39.685040 -106.433514 26.502047 0.187276 -0.577531 0.755554 -0.246016
30850.000000 27700.000000 39.278413 -105.709331 26.118643 0.211261 -0.580128 0.749989 -0.237354
30850.000000 27750.000000 39.738930 -106.463247 26.525491 0.213323 -0.576635 0.752104 -0.237330
30850.000000 27650.000000 38.788395 -104.836420 25.646576 0.219560 -0.573960 0.752228 -0.237731
30900.000000 27800.000000 40.356975 -107.445336 27.017645 0.280665 -0.562129 0.715380 -0.305728
30900.000000 27700.000000 39.329456 -105.804979 26.186530 0.273799 -0.566729 0.715737 -0.302611
30900.000000 27750.000000 39.823495 -106.576270 26.598175 0.271888 -0.563385 0.719959 -0.300555
30950.000000 27800.000000 40.479406 -107.547433 27.076579 0.294802 -0.539227 0.704652 -0.354671
30950.000000 27700.000000 39.460607 -105.894036 26.217332 0.278885 -0.543694 0.708860 -0.352332
30950.000000 27750.000000 39.903105 -106.684516 26.656880 0.289420 -0.540309 0.708020 -0.350727
31000.000000 27800.000000 40.505371 -107.731350 27.098225 0.310304 -0.540728 0.700292 -0.347730
31000.000000 27750.000000 40.083574 -106.798994 26.685057 0.284566 -0.548260 0.712414 -0.333016
31000.000000 27700.000000 39.465805 -106.094114 26.209118 0.295403 -0.540504 0.705129 -0.351262
31050.000000 27800.000000 40.698911 -107.755236 27.156100 0.232205 -0.571638 0.728533 -0.297575
31050.000000 27750.000000 40.094248 -106.830731 26.674025 0.215819 -0.569257 0.733963 -0.301109
31050.000000 27700.000000 39.644978 -106.005043 26.183769 0.193976 -0.571840 0.734569 -0.309485
31100.000000 27700.000000 39.699608 -106.175703 26.268480 0.177570 -0.621492 0.720282 -0.251815
31100.000000 27750.000000 39.776739 -106.682279 26.613382 0.214994 -0.608581 0.709444 -0.283010
31100.000000 27800.000000 40.766726 -107.881886 27.144735 0.193747 -0.616365 0.721194 -0.249869
31150.000000 27750.000000 39.691544 -106.656957 26.594982 0.257148 -0.640108 0.669934 -0.274453
31150.000000 27700.000000 39.193621 -105.672897 26.085979 0.202357 -0.649913 0.686379 -0.256025
31150.000000 27800.000000 40.733478 -108.051177 27.128488 0.222941 -0.650726 0.680749 -0.251860
31200.000000 27700.000000 39.241982 -105.676186 26.121284 -0.067054 0.722740 -0.674845 0.133171
31200.000000 27750.000000 39.822254 -106.674714 26.563919 0.117206 -0.688753 0.708570 -0.099049
31200.000000 27800.000000 40.138540 -107.349152 27.079882 -0.150435 0.724235 -0.656690 0.147008
38000.000000 8000.000000 -34.303215 -72.541866 -2.872550 0.714703 0.039363 0.117819 -0.688308
38000.000000 9700.000000 -31.367927 -73.661798 -2.277753 0.714594 0.041828 0.128783 -0.686310
38000.000000 8050.000000 -38.622208 -70.726090 -3.388600 0.679710 -0.145249 0.266535 -0.667724
38050.000000 8000.000000 -33.851561 -73.434999 -2.522574 0.726738 0.071536 0.028972 -0.682565
38050.000000 9700.000000 -31.482523 -72.667577 -2.369984 0.712768 0.009905 0.087669 -0.695829
38050.000000 8050.000000 -35.436863 -72.808313 -3.044817 0.711592 0.057908 0.032308 -0.699457
38100.000000 8000.000000 -34.475159 -75.083786 -2.784737 0.715436 0.083614 0.069019 -0.690215
38100.000000 9750.000000 -33.763954 -77.464557 -2.649347 0.709519 0.077126 0.070278 -0.696918
38100.000000 9700.000000 -32.526820 -75.164060 -2.466703 0.710574 0.033878 0.105314 -0.694871
38150.000000 8000.000000 -34.092852 -73.098686 -2.706049 0.725789 0.050562 0.065594 -0.682914
38150.000000 9750.000000 -33.292808 -74.883965 -2.667499 0.715708 0.041777 0.079825 -0.692564
38150.000000 9700.000000 -31.738373 -73.102499 -2.404919 0.718172 0.003160 0.108872 -0.687289
38200.000000 8000.000000 -33.438045 -74.410487 -2.476635 0.732607 0.089099 -0.021867 -0.674441
38200.000000 9700.000000 -31.558198 -72.731055 -2.380517 0.722550 0.005075 0.072514 -0.687486
38200.000000 9750.000000 -33.243493 -74.525549 -2.635251 0.720425 0.038985 0.048795 -0.690715
38250.000000 9700.000000 -32.091812 -73.622380 -2.388266 0.708402 0.045229 0.092278 -0.698288
38250.000000 9750.000000 -33.981287 -76.410323 -2.714850 -0.702284 -0.085062 -0.064712 0.703828
38250.000000 9000.000000 -24.362115 -55.187633 -1.662943 0.706388 0.207752 -0.017238 -0.676431
38300.000000 8000.000000 -34.641609 -71.688052 -2.812713 0.716411 0.063170 0.038624 -0.693738
38300.000000 9100.000000 -23.283762 -57.383853 -1.556464 0.721719 0.141721 -0.014619 -0.677365
38300.000000 9150.000000 -22.920033 -58.810156 -1.416722 0.719361 0.121440 -0.012990 -0.683816
38350.000000 9700.000000 -31.874730 -72.847888 -2.393688 0.713252 0.063530 0.056342 -0.695745
38350.000000 9100.000000 -23.486105 -58.020140 -1.547318 0.721677 0.165063 -0.018848 -0.671998
38350.000000 8000.000000 -34.046452 -71.823217 -2.764845 0.717703 0.110196 0.012464 -0.687462
38400.000000 8000.000000 -34.814913 -71.922209 -2.973552 0.738927 0.081993 0.082137 -0.663715
38400.000000 9700.000000 -31.978579 -72.782504 -2.421410 0.736813 0.051234 0.083191 -0.669000
38400.000000 9750.000000 -33.724718 -73.670877 -2.737571 0.731823 0.069438 0.071366 -0.674181
38450.000000 9700.000000 -31.839086 -72.005435 -2.456905 0.721079 0.045405 0.082854 -0.686381
38450.000000 8000.000000 -34.458844 -71.385711 -2.861939 0.729664 0.084756 0.066754 -0.675241
38450.000000 9750.000000 -33.533660 -72.794866 -2.715835 0.720167 0.072460 0.062580 -0.687163
38500.000000 9700.000000 -31.844665 -71.686200 -2.438008 -0.704339 -0.040404 -0.078100 0.704397
38500.000000 8000.000000 -34.403255 -71.791511 -2.851236 0.707402 0.083354 0.037474 -0.700878
38500.000000 9750.000000 -33.655078 -72.241572 -2.750982 -0.698719 -0.053796 -0.064633 0.710436
38550.000000 9700.000000 -31.919675 -71.706516 -2.449353 0.712518 0.074795 0.056893 -0.695333
38550.000000 8000.000000 -34.611557 -71.764354 -2.898004 0.714025 0.108559 0.030248 -0.690991
38550.000000 9250.000000 -23.266731 -61.182278 -1.480138 0.727004 0.087871 0.023083 -0.680596
38600.000000 9700.000000 -32.112911 -71.463079 -2.449363 0.707410 0.055724 0.063241 -0.701759
38600.000000 9200.000000 -23.237029 -59.261977 -1.450394 0.719194 0.111735 0.002096 -0.685763
38600.000000 9250.000000 -23.195280 -60.695679 -1.491108 0.719855 0.100407 0.001263 -0.686823
38650.000000 9700.000000 -31.948636 -70.895960 -2.424282 0.725682 0.036197 0.054993 -0.684874
38650.000000 8000.000000 -34.878161 -71.054512 -2.845029 0.732301 0.074585 0.032165 -0.676120
38650.000000 9750.000000 -33.811061 -71.393573 -2.694464 0.723560 0.074687 0.028818 -0.685604
38700.000000 9700.000000 -31.783445 -71.533321 -2.382991 0.717779 0.094772 0.034625 -0.688921
38700.000000 9600.000000 -29.245775 -70.408793 -2.123386 0.711669 0.079920 0.027651 -0.697406
38700.000000 9350.000000 -24.146762 -63.208095 -1.583228 0.723374 0.103184 -0.014124 -0.682557
38750.000000 9700.000000 -31.636727 -70.342348 -2.475324 -0.702897 -0.053436 -0.020336 0.708990
38750.000000 9600.000000 -28.912711 -69.454978 -2.070261 -0.705325 -0.059124 -0.016409 0.706223
38750.000000 9400.000000 -24.720858 -64.158915 -1.622341 0.717616 0.080899 -0.011637 -0.691626
38800.000000 9700.000000 -31.516885 -70.671539 -2.511982 0.715354 0.137352 -0.008577 -0.685077
38800.000000 9600.000000 -29.159452 -69.397238 -2.126041 0.721980 0.109850 -0.000568 -0.683138
38800.000000 9400.000000 -25.129529 -64.035819 -1.639782 0.735556 0.124826 -0.011637 -0.665763
38850.000000 9700.000000 -31.761233 -70.156122 -2.517604 -0.695405 -0.100262 -0.009463 0.711527
38850.000000 9600.000000 -29.123377 -68.961016 -2.173341 -0.696887 -0.091748 0.000526 0.711288
38850.000000 9650.000000 -30.574698 -69.512393 -2.401956 -0.692372 -0.090133 0.013484 0.715762
38900.000000 9700.000000 -31.551278 -69.715061 -2.492111 -0.688366 -0.103757 -0.003149 0.717898
38900.000000 9600.000000 -29.024873 -68.423298 -2.154774 -0.689735 -0.086692 0.005325 0.718833
38900.000000 9650.000000 -30.443836 -69.042518 -2.375649 -0.684807 -0.082350 0.018480 0.723821
38950.000000 9700.000000 -31.641403 -69.417822 -2.515705 -0.691710 -0.108480 -0.025623 0.713522
38950.000000 9600.000000 -29.173259 -68.189360 -2.195459 -0.692966 -0.083389 -0.026049 0.715658
38950.000000 9650.000000 -30.624532 -68.638408 -2.335358 -0.694754 -0.097378 -0.023084 0.712251
39000.000000 9700.000000 -31.837353 -69.080832 -2.499871 -0.702965 -0.062087 -0.068993 0.705142
39000.000000 9600.000000 -29.417317 -68.026455 -2.027512 0.703051 0.063700 0.102079 -0.700887
39000.000000 9650.000000 -30.923528 -68.124165 -2.385863 -0.702279 -0.054236 -0.050208 0.708054
39050.000000 9700.000000 -31.665682 -68.728977 -2.461657 -0.701063 -0.042126 -0.028460 0.711285
39050.000000 9600.000000 -28.951284 -68.235573 -2.186202 -0.694559 -0.031220 -0.036259 0.717843
39050.000000 9650.000000 -30.634302 -67.808656 -2.285614 -0.699183 -0.049615 -0.031905 0.712505
39100.000000 9700.000000 -31.626302 -68.615925 -2.480828 -0.699262 -0.041870 -0.032725 0.712887
39100.000000 9600.000000 -27.740767 -71.899845 -1.517010 0.712399 0.019077 0.000268 -0.701515
39100.000000 9650.000000 -30.875666 -67.391072 -2.299232 -0.697414 -0.022727 -0.060605 0.713740
39150.000000 9700.000000 -31.848775 -68.556802 -2.465492 0.708533 0.008292 0.103182 -0.698044
39150.000000 8000.000000 nan nan nan nan nan nan nan
39150.000000 9750.000000 -31.939700 -67.314252 -2.577722 0.715814 0.083364 -0.110547 -0.684427
39200.000000 9700.000000 -31.679010 -67.604682 -2.584715 -0.683941 0.025153 -0.112366 0.720393
39200.000000 8000.000000 nan nan nan nan nan nan nan
39200.000000 9750.000000 -33.833481 -72.845717 -2.685174 -0.689743 -0.006216 -0.085060 0.719014
39250.000000 9700.000000 -31.877858 -68.401070 -2.492494 -0.693912 0.045034 -0.140462 0.704790
39250.000000 8000.000000 -33.450517 -67.499290 -2.845939 -0.700857 -0.079550 -0.044431 0.707458
39250.000000 9750.000000 -33.348271 -70.893917 -2.176151 0.725736 -0.047132 -0.003694 -0.686347
39300.000000 9700.000000 -30.864359 -69.564111 -2.340331 -0.699770 -0.016248 -0.071402 0.710605
39300.000000 8000.000000 nan nan nan nan nan nan nan
39300.000000 9750.000000 -33.292707 -70.225256 -2.564407 -0.700204 -0.011558 -0.042762 0.712567
39350.000000 9700.000000 -30.747931 -70.501727 -2.267449 0.712423 0.052296 0.045162 -0.698341
39350.000000 8000.000000 nan nan nan nan nan nan nan
39350.000000 9750.000000 -33.846680 -67.076871 -2.606446 0.710709 0.066266 0.044803 -0.698923
39400.000000 9700.000000 -31.049658 -69.941694 -2.311303 0.712253 0.031832 0.033261 -0.700411
39400.000000 8000.000000 nan nan nan nan nan nan nan
39400.000000 9750.000000 -38.460497 -54.509541 -2.505959 0.362278 -0.610086 0.704577 0.011012
39450.000000 9700.000000 -30.421531 -69.545290 -2.307263 0.713121 0.053348 0.041317 -0.697786
39450.000000 8000.000000 nan nan nan nan nan nan nan
39450.000000 9750.000000 nan nan nan nan nan nan nan
39500.000000 9700.000000 -30.679958 -68.075091 -2.391077 -0.644908 0.124992 0.096839 0.747725
39500.000000 9750.000000 -32.827350 -69.624508 -2.403594 0.719606 0.064392 0.026611 -0.690879
39500.000000 8000.000000 nan nan nan nan nan nan nan
39550.000000 9700.000000 nan nan nan nan nan nan nan
39550.000000 8000.000000 -33.107648 -69.624809 -1.717337 0.624376 -0.413265 -0.441381 -0.494520
39550.000000 9750.000000 -32.984434 -66.735558 -2.598747 0.707012 0.034415 -0.022102 -0.706017
39600.000000 9700.000000 nan nan nan nan nan nan nan
39600.000000 8000.000000 nan nan nan nan nan nan nan
39600.000000 9750.000000 -33.623507 -67.404764 -2.337851 0.718767 -0.003057 0.037572 -0.694229
39650.000000 9700.000000 -30.428084 -69.095712 -2.291271 0.718243 0.066347 0.032999 -0.691835
39650.000000 8000.000000 nan nan nan nan nan nan nan
39650.000000 9750.000000 -33.151520 -65.422044 -2.714253 0.710961 0.096128 0.015293 -0.696463
39700.000000 9700.000000 -31.795960 -58.911369 -2.710273 0.686522 0.000119 0.175802 0.705536
39700.000000 8000.000000 nan nan nan nan nan nan nan
39700.000000 9750.000000 nan nan nan nan nan nan nan
39750.000000 9700.000000 -30.273801 -53.604163 -2.112558 0.727394 -0.096542 0.037834 0.678340
39750.000000 9750.000000 -33.271727 -67.576347 -2.358420 0.708436 0.102018 0.053754 -0.696291
39750.000000 8000.000000 nan nan nan nan nan nan nan
39800.000000 9750.000000 -32.996465 -66.215679 -2.573479 0.707324 0.063282 0.028464 -0.703475
39800.000000 9700.000000 nan nan nan nan nan nan nan
39800.000000 8000.000000 nan nan nan nan nan nan nan
39850.000000 9700.000000 nan nan nan nan nan nan nan
39850.000000 9750.000000 nan nan nan nan nan nan nan
39850.000000 8000.000000 nan nan nan nan nan nan nan
39900.000000 9750.000000 nan nan nan nan nan nan nan
39900.000000 9700.000000 nan nan nan nan nan nan nan
39900.000000 8000.000000 nan nan nan nan nan nan nan
39950.000000 8000.000000 nan nan nan nan nan nan nan
39950.000000 9700.000000 -31.076548 -57.713719 -2.133156 0.729913 -0.017271 0.090846 0.677257
39950.000000 9650.000000 nan nan nan nan nan nan nan
42000.000000 41950.000000 -1.968370 15.113819 -0.747242 0.067155 0.716123 -0.692510 -0.055575
42000.000000 41900.000000 -1.523571 16.818809 -0.731373 0.058025 0.711825 -0.698847 -0.039377
42000.000000 41850.000000 -0.874179 19.797256 -0.538329 0.068873 0.721864 -0.686732 -0.050676
42050.000000 41950.000000 -2.060720 14.764460 -0.761544 0.071973 0.713058 -0.696529 -0.034873
42050.000000 41900.000000 -1.646334 16.707580 -0.687901 0.060059 0.716466 -0.694898 -0.013601
42050.000000 41850.000000 -0.540148 19.388761 -0.651874 0.090955 0.713902 -0.692066 -0.055819
42100.000000 41950.000000 -2.299646 13.947225 -0.762595 -0.011798 0.709075 -0.704678 0.022428
42100.000000 41850.000000 -1.473268 16.939359 -0.674263 -0.010242 0.712826 -0.700791 0.025830
42100.000000 41900.000000 -1.932291 15.339037 -0.734392 -0.019147 0.707477 -0.705625 0.034682
42150.000000 41850.000000 -1.570965 16.260335 -0.670249 -0.052448 0.713755 -0.694298 0.075848
42150.000000 41950.000000 -2.353952 13.333298 -0.762351 -0.049547 0.709750 -0.699007 0.072036
42150.000000 41750.000000 -1.056706 20.105212 -0.795259 0.033267 -0.702555 0.708801 -0.053944
42200.000000 41800.000000 -1.172913 17.410177 -0.692018 0.129580 -0.684540 0.700990 -0.152407
42200.000000 41750.000000 -1.242183 19.821864 -0.643212 0.111777 -0.686002 0.708417 -0.122689
42200.000000 41950.000000 -1.685959 14.825892 -0.438652 -0.084356 0.734569 -0.667091 0.091008
42250.000000 41800.000000 -0.701974 16.713864 -0.839533 0.165008 -0.662620 0.697022 -0.218785
42250.000000 41750.000000 nan nan nan nan nan nan nan
42250.000000 41950.000000 nan nan nan nan nan nan nan
42350.000000 41700.000000 nan nan nan nan nan nan nan
42350.000000 41800.000000 nan nan nan nan nan nan nan
