4000.000000 40850.000000 -37.141387 19.093200 -5.557206 0.715383 0.036183 0.088643 -0.692142
4000.000000 40800.000000 -37.951744 16.876894 -5.363705 0.711124 0.033822 0.094160 -0.695911
4000.000000 40750.000000 -37.283156 14.924690 -5.992073 -0.701403 -0.022460 -0.098146 0.705618
4050.000000 40850.000000 -37.667420 21.550825 -5.536396 -0.701798 -0.013616 -0.109241 0.703818
4050.000000 40900.000000 -34.577793 25.813281 -5.316497 -0.701904 -0.033909 -0.089879 0.705764
4050.000000 40800.000000 -37.991758 20.168864 -5.709327 -0.691963 -0.008402 -0.115730 0.712547
4100.000000 40850.000000 -37.284704 22.567659 -5.503486 -0.697867 -0.000524 -0.107142 0.708168
4100.000000 40800.000000 -37.275139 21.747097 -5.759684 -0.686416 -0.000749 -0.110403 0.718779
4100.000000 40900.000000 -34.740349 26.516263 -5.336460 -0.702036 -0.022585 -0.093163 0.705660
4150.000000 40850.000000 -36.974006 24.041363 -5.201413 0.706431 -0.041312 0.121256 -0.696092
4150.000000 40900.000000 -32.998097 26.344807 -4.589061 0.719065 0.010169 0.082142 -0.689996
4150.000000 40750.000000 -32.617704 25.654435 -5.212559 0.711087 0.007114 0.081708 -0.698304
4200.000000 40900.000000 -34.600397 29.853529 -5.075418 0.704333 -0.080418 0.171018 -0.684252
4200.000000 40850.000000 -32.759686 35.156925 -5.358840 0.706765 -0.072347 0.162807 -0.684648
4200.000000 40950.000000 -32.719725 31.420730 -4.983052 0.708262 -0.076872 0.163270 -0.682494
4250.000000 40950.000000 -31.665098 32.889759 -4.963338 -0.683724 0.124721 -0.208976 0.687965
4250.000000 40900.000000 -32.552819 31.615992 -4.945277 -0.683139 0.122188 -0.208224 0.689227
4250.000000 40850.000000 -32.646523 31.030796 -5.002585 -0.684492 0.125632 -0.208732 0.687108
4300.000000 41000.000000 -37.844721 30.828879 -5.369051 0.676179 -0.177761 0.311803 -0.643399
4300.000000 40950.000000 -34.319243 31.441358 -5.016214 0.675665 -0.186689 0.298600 -0.647659
4300.000000 40900.000000 -32.382235 30.875064 -4.884897 0.682143 -0.163461 0.283740 -0.653799
4350.000000 41000.000000 -33.048108 33.758505 -5.014825 0.633979 -0.280133 0.375225 -0.615468
4350.000000 41050.000000 -36.986956 34.120050 -5.591297 0.620888 -0.293744 0.399448 -0.607169
4350.000000 40950.000000 -30.371415 35.291986 -4.726669 0.640591 -0.285320 0.361215 -0.614622
4400.000000 41050.000000 -32.435506 37.024971 -5.374779 -0.557529 0.360400 -0.455502 0.593119
4400.000000 41100.000000 -33.836139 40.441283 -5.949221 -0.567659 0.351085 -0.463030 0.583186
4400.000000 41000.000000 -29.473016 35.948596 -4.697846 0.598625 -0.330888 0.419736 -0.596643
4450.000000 41100.000000 -32.292945 38.737713 -5.487373 -0.540885 0.425813 -0.469309 0.553061
4450.000000 41050.000000 -29.830381 38.333781 -4.770681 -0.526626 0.447050 -0.470241 0.549258
4450.000000 41150.000000 -28.713483 36.036736 -5.297223 -0.542267 0.402155 -0.462578 0.574665
4500.000000 41200.000000 -27.013005 41.663314 -4.702851 0.448802 -0.498810 0.568503 -0.475993
4500.000000 41150.000000 -27.094421 38.624319 -4.873785 0.485089 -0.451617 0.535205 -0.523724
4500.000000 41250.000000 -29.368039 42.742458 -4.253916 0.470800 -0.502424 0.552054 -0.470271
4550.000000 41250.000000 -21.376009 38.921134 -3.908128 0.412086 -0.548605 0.583916 -0.433889
4550.000000 41200.000000 -21.941888 39.885619 -3.947379 0.397228 -0.553273 0.595661 -0.425778
4550.000000 41300.000000 -21.956230 39.938356 -4.200537 0.400317 -0.550493 0.595022 -0.427379
4600.000000 41250.000000 -19.152497 37.816086 -3.598296 0.405596 -0.558848 0.603763 -0.398310
4600.000000 41300.000000 -19.588545 38.612231 -3.684830 0.402178 -0.558831 0.606994 -0.396888
4600.000000 41200.000000 -19.948052 38.921986 -3.582407 0.385369 -0.567116 0.616393 -0.387207
4650.000000 41250.000000 -17.058943 36.985274 -3.196150 0.376888 -0.587298 0.610056 -0.375325
4650.000000 41300.000000 -17.047268 37.222492 -3.277725 0.376723 -0.583590 0.611355 -0.379139
4650.000000 41350.000000 -17.263391 36.762498 -3.314589 0.377956 -0.579829 0.611412 -0.383566
4700.000000 41350.000000 -15.413838 35.756862 -2.973614 0.370288 -0.581972 0.610596 -0.389060
4700.000000 41300.000000 -15.238172 36.335639 -2.874429 0.374432 -0.583853 0.605139 -0.390798
4700.000000 41400.000000 -15.460060 36.151964 -2.937681 0.370264 -0.590585 0.603811 -0.386685
4750.000000 41350.000000 -13.511292 34.851348 -2.681057 0.366095 -0.567565 0.626310 -0.389333
4750.000000 41400.000000 -13.368603 34.941658 -2.676957 0.363891 -0.577868 0.620920 -0.384850
4750.000000 41450.000000 -13.868489 34.996874 -2.802933 0.362826 -0.571225 0.623899 -0.390909
4800.000000 41400.000000 -11.576233 33.661009 -2.392106 0.371780 -0.574990 0.610089 -0.398696
4800.000000 41450.000000 -11.980680 33.938529 -2.467983 0.370391 -0.569927 0.614789 -0.400035
4800.000000 41350.000000 -12.286118 33.920897 -2.412182 0.366246 -0.569753 0.619289 -0.397148
4850.000000 41450.000000 -10.262300 33.079206 -2.179051 0.390478 -0.567132 0.613906 -0.386015
4850.000000 41500.000000 -10.650501 33.261538 -2.308064 0.386005 -0.569323 0.616738 -0.382759
4850.000000 41400.000000 -10.140759 32.886519 -2.149631 0.396236 -0.567393 0.609254 -0.387134
4900.000000 41500.000000 -7.973159 31.757746 -1.880193 0.371516 -0.590982 0.609334 -0.376070
4900.000000 41450.000000 -8.165184 31.808104 -1.879176 0.371905 -0.587500 0.610967 -0.378484
4900.000000 41550.000000 -9.228567 32.579389 -1.905429 0.369847 -0.595871 0.606481 -0.374609
4950.000000 41550.000000 -6.962333 31.150539 -1.577811 0.382318 -0.594304 0.606288 -0.364760
4950.000000 41500.000000 -6.319062 30.695516 -1.587747 0.378098 -0.592886 0.610088 -0.365130
4950.000000 41600.000000 -7.702405 32.258178 -1.810572 0.370386 -0.594827 0.616560 -0.358955
5000.000000 41600.000000 -6.061930 31.609406 -1.667330 0.330046 -0.606284 0.629842 -0.356074
5000.000000 41550.000000 -4.705562 29.735805 -1.373659 0.353340 -0.599851 0.615961 -0.368675
5000.000000 41650.000000 -4.964967 30.091960 -1.468235 0.345272 -0.596619 0.621172 -0.372798
5050.000000 41650.000000 -3.872420 29.339588 -1.311748 0.345032 -0.596247 0.637278 -0.345425
5050.000000 41600.000000 -3.775946 29.659317 -1.250441 0.328209 -0.613847 0.642744 -0.319924
5050.000000 41550.000000 -3.376176 28.812715 -1.161475 0.352181 -0.603817 0.631520 -0.335494
5100.000000 41650.000000 -1.300760 27.045976 -0.856502 0.242901 -0.639855 0.664483 -0.300080
5100.000000 41700.000000 -1.441123 27.165708 -0.906897 0.243611 -0.633356 0.671536 -0.297579
5100.000000 41600.000000 -1.303619 27.233662 -0.801305 0.247277 -0.643211 0.662515 -0.293612
5150.000000 41700.000000 -0.217966 25.050624 -0.697518 0.140708 -0.680981 0.698577 -0.168687
5150.000000 41750.000000 -0.336079 25.417954 -0.725881 0.149485 -0.681216 0.696259 -0.169770
5150.000000 41650.000000 -0.569345 25.571908 -0.744825 0.140127 -0.684825 0.694015 -0.172399
5200.000000 41750.000000 -0.036650 23.304667 -0.665091 -0.009475 -0.705944 0.706531 -0.048650
5200.000000 41800.000000 -0.123158 23.506262 -0.668240 0.001133 0.707776 -0.704526 0.051909
5200.000000 41850.000000 -0.188880 22.624515 -0.693053 0.006555 0.706383 -0.706195 0.047635
5250.000000 41800.000000 -0.270653 21.228368 -0.609327 0.032357 0.718530 -0.694727 -0.004718
5250.000000 41850.000000 -0.336124 20.892379 -0.682868 0.035623 0.714473 -0.698705 -0.008408
5250.000000 41750.000000 -0.187394 22.054821 -0.677218 0.045409 0.712247 -0.700415 -0.007782
5300.000000 41850.000000 -0.640449 19.963644 -0.595638 0.074029 0.712132 -0.697889 -0.018377
5300.000000 41900.000000 -0.475911 20.094849 -0.672312 -0.076377 -0.703366 0.706008 0.031556
5300.000000 41800.000000 -0.725516 21.173020 -0.655294 0.053800 0.708087 -0.704055 -0.005078
5350.000000 41900.000000 -1.156304 17.311461 -0.645710 0.074052 0.719010 -0.690086 -0.036360
5350.000000 41950.000000 -1.229387 17.325378 -0.652496 0.071807 0.718827 -0.690191 -0.042054
5350.000000 41850.000000 -0.954339 19.013230 -0.507596 0.062883 0.727512 -0.683054 -0.014422
5400.000000 41950.000000 -1.790946 15.262047 -0.706096 -0.130703 -0.679466 0.718354 0.072182
5400.000000 41900.000000 -1.277467 16.543663 -0.586157 -0.132774 -0.678892 0.718480 0.072547
5400.000000 41850.000000 -0.729452 19.365761 -0.603080 -0.132520 -0.683092 0.715108 0.066668
5450.000000 41950.000000 -2.166409 14.235847 -0.636754 0.104118 0.723437 -0.681703 -0.032859
5450.000000 41900.000000 -1.831153 16.880338 -0.559950 0.096801 0.718987 -0.687824 -0.024199
5450.000000 41850.000000 -0.595491 19.970321 -0.728981 0.106688 0.716553 -0.688108 -0.040960
5500.000000 41950.000000 -2.469542 12.403535 -0.714122 0.008080 0.713077 -0.700757 0.019892
5500.000000 41850.000000 -2.164145 14.646185 -0.530239 0.004656 0.716834 -0.696687 0.027456
5500.000000 41800.000000 -2.958575 12.100949 -0.584837 -0.005087 0.715413 -0.698006 0.030775
5550.000000 41750.000000 -0.644163 14.280429 -1.087701 0.139962 -0.659001 0.713706 -0.191711
5550.000000 41800.000000 -2.105896 11.372146 -0.734018 0.183698 -0.668441 0.694529 -0.192539
5550.000000 41850.000000 -1.171014 14.527521 -0.700430 0.164417 -0.669747 0.698879 -0.189667
5600.000000 41700.000000 nan nan nan nan nan nan nan
5850.000000 41800.000000 -0.071881 19.061243 -1.577633 0.115258 -0.647237 0.741337 -0.134977
5850.000000 41750.000000 0.778803 20.797450 -0.302100 -0.044807 0.718236 -0.694316 0.007334
5850.000000 41950.000000 -1.304241 14.581248 -0.631951 0.091257 -0.695198 0.706592 -0.095389
5900.000000 41800.000000 0.162454 19.347315 0.164952 0.050821 0.730878 -0.665403 0.143085
5900.000000 41950.000000 -1.263933 16.343518 -0.905883 -0.018182 -0.704277 0.709648 0.007979
5900.000000 41900.000000 -1.440664 23.484806 -0.927486 -0.039774 0.710642 -0.702051 0.023041
5950.000000 41850.000000 0.673238 17.778814 -0.024066 0.104162 0.737039 -0.646671 -0.166556
5950.000000 41800.000000 0.181187 22.307527 -0.371189 0.065153 0.713566 -0.696587 -0.036683
5950.000000 41950.000000 -1.395723 14.129078 -0.709945 -0.119529 -0.691746 0.709898 -0.056962
6000.000000 600.000000 3.318449 -3.977353 0.420407 0.124155 0.710655 -0.688848 -0.071020
6000.000000 650.000000 3.642977 -4.290343 0.451642 0.119587 0.708047 -0.692702 -0.067319
6000.000000 700.000000 3.251326 -5.422485 0.415801 0.123217 0.714051 -0.684346 -0.081357
6000.000000 8900.000000 -12.728166 -30.091881 -1.240824 0.147777 0.709648 -0.681657 -0.099521
6000.000000 8800.000000 -21.579167 -36.669812 -1.972987 0.151472 0.714790 -0.675712 -0.097699
6000.000000 9000.000000 -16.093474 -36.261384 -1.314655 0.129484 0.709099 -0.689920 -0.066513
6050.000000 650.000000 3.222724 -5.468107 0.613687 0.086739 0.722731 -0.684861 -0.033187
6050.000000 700.000000 2.577217 -5.248899 0.540067 0.066958 0.727777 -0.682356 -0.015756
6050.000000 750.000000 2.846209 -5.192569 0.397976 0.075866 0.719504 -0.690003 -0.021306
6050.000000 8850.000000 1.015513 -7.063486 -1.731218 0.108770 0.714338 -0.689075 -0.055365
6050.000000 9000.000000 -18.673212 -40.523704 -1.401302 0.103398 0.720877 -0.684663 -0.029677
6050.000000 8950.000000 -13.130970 -29.771100 -1.310657 0.100392 0.722174 -0.681936 -0.057873
6100.000000 750.000000 2.128734 -7.634083 0.447575 0.091056 0.726408 -0.680112 -0.038575
6100.000000 700.000000 2.188504 -7.684619 0.375574 0.088274 0.727356 -0.678361 -0.054661
6100.000000 650.000000 2.573445 -6.236747 0.419095 0.093374 0.724468 -0.680380 -0.059253
6100.000000 8850.000000 -6.109404 -20.731412 -1.124945 0.137412 0.720561 -0.673846 -0.088554
6100.000000 8950.000000 -4.984960 -26.175214 0.577091 0.165493 0.723251 -0.663494 -0.096415
6100.000000 9000.000000 -20.287901 -43.106380 -1.584129 0.110864 0.723214 -0.680349 -0.042379
6150.000000 800.000000 1.372443 -10.711899 0.370435 0.124956 0.722282 -0.677644 -0.059106
6150.000000 750.000000 1.496066 -9.598155 0.361494 0.119933 0.722299 -0.679517 -0.046443
6150.000000 850.000000 1.471514 -10.418980 0.338708 0.128619 0.717268 -0.682667 -0.054307
6150.000000 8850.000000 -4.537533 -14.765223 -1.568134 0.139905 0.716190 -0.679692 -0.074280
6150.000000 8950.000000 -10.571420 -29.506240 -0.346160 0.164738 0.720461 -0.668325 -0.084493
6150.000000 9000.000000 -20.232563 -43.512306 -1.642813 0.136711 0.721135 -0.676515 -0.060017
6200.000000 800.000000 0.768123 -12.542858 0.313235 0.080806 0.741272 -0.665011 -0.041795
6200.000000 850.000000 0.681748 -12.929176 0.286188 0.085016 0.735944 -0.670641 -0.037406
6200.000000 750.000000 1.089950 -10.880080 0.268377 0.070198 0.737895 -0.670420 -0.033488
6200.000000 8950.000000 -11.753616 -30.711284 -1.175282 0.098283 0.738435 -0.663753 -0.066981
6200.000000 8800.000000 -22.596037 -38.597151 -2.068733 0.095352 0.744189 -0.658456 -0.059389
6200.000000 8900.000000 3.103087 -10.661884 2.578335 0.099477 0.749749 -0.652329 -0.049474
6250.000000 850.000000 0.255034 -14.737250 0.300784 0.115618 0.724615 -0.677786 -0.046615
6250.000000 900.000000 0.187915 -14.903864 0.274361 0.104120 0.727122 -0.676573 -0.051986
6250.000000 950.000000 0.046290 -13.542880 0.125148 0.093873 0.721812 -0.684952 -0.031869
6250.000000 8850.000000 -11.596537 -26.175924 -1.695035 0.116331 0.722289 -0.679170 -0.059108
6250.000000 9000.000000 -20.029743 -43.345310 -1.618229 0.109573 0.725803 -0.677864 -0.041280
6250.000000 8800.000000 -19.207330 -35.555466 -1.609276 0.117649 0.732845 -0.667137 -0.063434
6300.000000 950.000000 -0.408355 -16.614134 0.121772 0.074131 0.719414 -0.690387 -0.017732
6300.000000 1000.000000 -0.623749 -15.178786 0.148762 0.049422 0.722498 -0.689590 -0.004400
6300.000000 900.000000 -0.380136 -16.846181 0.250272 0.064439 0.722898 -0.687554 -0.023145
6300.000000 8800.000000 -21.241028 -37.893354 -2.048210 0.103823 0.724728 -0.679256 -0.051003
6300.000000 8850.000000 -6.292460 -22.325392 -1.441754 0.100861 0.715553 -0.689666 -0.046612
6300.000000 8900.000000 9.503968 -1.667513 1.406795 0.079870 0.726828 -0.681389 -0.032428
6350.000000 1000.000000 -1.122235 -18.509658 0.067246 0.077365 0.724622 -0.684006 -0.032753
6350.000000 950.000000 -1.021827 -18.373807 0.087409 0.082250 0.719963 -0.688519 -0.028795
6350.000000 1050.000000 -1.175413 -17.121758 -0.038606 0.077541 0.717576 -0.691473 -0.030605
6350.000000 8850.000000 -10.634258 -26.694553 -0.546876 0.104744 0.728328 -0.674968 -0.054637
6350.000000 8800.000000 -21.049860 -37.965078 -1.920606 0.103242 0.728892 -0.674271 -0.058459
6350.000000 8950.000000 -12.007211 -30.917357 -1.736568 0.087358 0.723457 -0.681268 -0.069664
6400.000000 1050.000000 -1.766904 -19.737811 0.001271 0.078433 0.711111 -0.698420 -0.019462
6400.000000 1100.000000 -1.780228 -19.964819 -0.016490 0.080453 0.714248 -0.694702 -0.027702
6400.000000 1000.000000 -1.645978 -20.706340 0.057438 0.079602 0.717894 -0.690968 -0.029230
6400.000000 8850.000000 -6.379686 -22.682495 -1.571291 0.107139 0.711369 -0.692650 -0.052068
6400.000000 8800.000000 -21.482397 -39.200320 -1.915256 0.118302 0.721577 -0.679680 -0.058029
6400.000000 8950.000000 -9.029811 -33.148182 -0.238772 0.140725 0.718224 -0.676878 -0.078657
6450.000000 1100.000000 -2.136778 -23.025742 0.085348 0.086073 0.724300 -0.683385 -0.031082
6450.000000 1150.000000 -2.043972 -22.369670 0.034561 0.091849 0.720225 -0.687045 -0.028436
6450.000000 1050.000000 -1.861923 -22.113871 0.140587 0.081557 0.719408 -0.689411 -0.022645
6450.000000 8800.000000 -23.725609 -40.978741 -2.206314 0.099436 0.728127 -0.676739 -0.044368
6450.000000 8850.000000 -5.464971 -21.927068 -1.214641 0.095552 0.719554 -0.686620 -0.040805
6450.000000 8950.000000 1.838293 -19.151011 -1.094669 0.103023 0.719430 -0.683829 -0.064690
6500.000000 1150.000000 -2.469460 -25.009728 0.057872 0.078741 0.707591 -0.701860 -0.022507
6500.000000 1100.000000 -2.408516 -25.087780 0.082679 0.067639 0.709293 -0.701293 -0.022723
6500.000000 1200.000000 -2.452060 -25.064469 0.086801 0.068618 0.705869 -0.704745 -0.019349
6500.000000 8800.000000 -23.022013 -40.913434 -2.115066 0.087705 0.713853 -0.693496 -0.042254
6500.000000 8850.000000 -4.379496 -21.078416 -1.262367 0.064348 0.706026 -0.704466 -0.033374
6500.000000 8950.000000 -9.743023 -31.862510 -1.369648 0.084028 0.705453 -0.701961 -0.050256
6550.000000 1200.000000 -2.892680 -27.374988 0.080670 0.066237 0.721255 -0.689172 -0.021102
6550.000000 1150.000000 -2.971168 -27.492463 0.034267 0.067619 0.720620 -0.689778 -0.018489
6550.000000 1250.000000 -2.807702 -26.816655 0.045769 0.058981 0.721110 -0.690091 -0.017201
6550.000000 8800.000000 -23.753146 -41.687173 -2.248603 0.072162 0.729015 -0.679234 -0.044396
6550.000000 8850.000000 12.404172 -12.032399 0.901921 0.087752 0.716175 -0.692096 -0.019900
6550.000000 8950.000000 -24.033586 -46.892352 -2.085498 0.060699 0.721066 -0.689235 -0.036530
6600.000000 1250.000000 -3.112829 -29.321803 0.238022 0.091435 0.743212 -0.662659 -0.012626
6600.000000 1300.000000 -2.880996 -28.725730 0.152875 0.087266 0.740216 -0.666594 -0.010794
6600.000000 1200.000000 -3.097683 -29.544188 0.242349 0.093793 0.743666 -0.661752 -0.015789
6600.000000 8950.000000 -17.887767 -41.046124 -1.442013 0.094055 0.744752 -0.660269 -0.023301
6600.000000 8800.000000 -22.699118 -40.742101 -2.241945 0.094597 0.748319 -0.655971 -0.027796
6650.000000 1300.000000 -3.442887 -31.443051 0.177525 0.113038 0.727146 -0.675945 -0.039739
6650.000000 1250.000000 -3.543170 -32.281658 0.237867 0.112219 0.731112 -0.671714 -0.041014
6650.000000 1350.000000 -3.629193 -31.317276 0.224469 0.105062 0.732984 -0.670960 -0.038851
6650.000000 8800.000000 -24.389228 -42.862851 -2.292237 0.116683 0.736414 -0.664246 -0.053450
6650.000000 8950.000000 -14.410992 -38.572964 -1.528528 0.111367 0.732047 -0.668670 -0.067717
6650.000000 8850.000000 -3.113607 -27.495253 0.222896 0.123274 0.733662 -0.666247 -0.051556
6700.000000 1350.000000 -4.071784 -32.945521 0.202059 0.118217 0.726588 -0.675672 -0.039530
6700.000000 1300.000000 -4.081542 -32.967035 0.189804 0.117565 0.717670 -0.685587 -0.033155
6700.000000 1400.000000 -4.583493 -33.797539 0.140664 0.114174 0.723500 -0.679597 -0.040738
6700.000000 8800.000000 -22.048037 -41.281455 -1.726316 0.110819 0.738927 -0.662307 -0.055276
6700.000000 8950.000000 -14.728210 -38.738139 -1.725813 0.113994 0.725193 -0.675369 -0.070544
6700.000000 8850.000000 -2.153311 -31.698754 1.274349 0.153439 0.729727 -0.662639 -0.069745
6750.000000 1400.000000 -4.875860 -34.800017 0.119116 0.093224 0.735538 -0.669117 -0.050749
6750.000000 1450.000000 -4.844209 -35.006523 0.023891 0.087070 0.728509 -0.676454 -0.064059
6750.000000 1350.000000 -4.614948 -34.436710 0.128200 0.087410 0.736134 -0.669609 -0.045713
6750.000000 8950.000000 -12.495987 -35.413298 -1.966900 0.069567 0.736170 -0.669310 -0.072377
6750.000000 8800.000000 -21.148995 -40.901405 -2.180348 0.116582 0.738096 -0.659963 -0.077918
6750.000000 8850.000000 -7.415334 -29.890841 -1.856704 0.054583 0.737375 -0.663615 -0.113641
6800.000000 1450.000000 -5.420505 -36.672976 0.115310 0.109661 0.718719 -0.681871 -0.080439
6800.000000 1500.000000 -5.414374 -36.825063 0.124942 0.113952 0.723971 -0.676824 -0.069208
6800.000000 1400.000000 -4.928911 -34.976630 0.131200 0.103407 0.720680 -0.682471 -0.064502
6800.000000 8800.000000 -23.413473 -43.860531 -2.111232 0.138946 0.727435 -0.664594 -0.099234
6800.000000 8950.000000 -7.498438 -37.372913 -0.904004 0.143978 0.719226 -0.669066 -0.119727
6800.000000 8850.000000 -3.820332 -26.396261 -1.734392 0.106007 0.717057 -0.685216 -0.071205
6850.000000 1500.000000 -5.914118 -38.141714 0.066576 0.118483 0.723200 -0.676704 -0.070827
6850.000000 1450.000000 -5.566631 -36.676234 0.080908 0.109813 0.711207 -0.689877 -0.078710
6850.000000 1550.000000 -5.741039 -38.143041 0.085221 0.127428 0.726446 -0.669275 -0.090053
6850.000000 8850.000000 -8.596360 -37.973457 0.436260 0.173356 0.729177 -0.650405 -0.123376
6850.000000 8950.000000 -13.655508 -40.483127 -2.164796 0.129010 0.718952 -0.668664 -0.139119
6850.000000 8800.000000 -24.681454 -44.488600 -2.294141 0.147746 0.728274 -0.659817 -0.111488
6900.000000 1550.000000 -6.751558 -40.566470 0.069479 0.203698 0.709072 -0.661951 -0.132455
6900.000000 1500.000000 -6.195416 -39.096056 0.064415 0.206392 0.704126 -0.666233 -0.133203
6900.000000 1600.000000 -6.601245 -40.539694 0.007493 0.208015 0.702760 -0.665232 -0.142565
6900.000000 8950.000000 -13.412403 -42.633522 -1.111244 0.221053 0.699399 -0.659428 -0.164715
6900.000000 8850.000000 -11.239791 -39.834563 -0.626719 0.212486 0.706184 -0.660036 -0.143199
6900.000000 9000.000000 -20.686625 -47.559383 -1.674115 0.204316 0.708408 -0.660080 -0.143903
6950.000000 1600.000000 -7.813588 -41.917302 -0.017664 0.299354 0.674851 -0.633098 -0.232702
6950.000000 1550.000000 -8.580461 -43.129780 -0.114462 0.300913 0.676330 -0.628884 -0.237770
6950.000000 1650.000000 -7.006863 -41.466532 -0.003179 0.290678 0.677239 -0.635389 -0.230509
6950.000000 8950.000000 -16.630476 -44.507135 -1.236377 0.300495 0.673073 -0.629165 -0.246631
6950.000000 9000.000000 -20.847706 -47.781076 -1.697239 0.295974 0.675360 -0.632219 -0.237879
6950.000000 9050.000000 -11.043100 -43.161908 -0.510461 0.291846 0.678439 -0.632401 -0.233701
7000.000000 1650.000000 -9.099698 -43.110061 -0.237489 0.367059 0.650402 -0.599564 -0.287694
7000.000000 1600.000000 -9.431602 -43.306368 -0.138686 0.382670 0.643872 -0.592958 -0.295624
7000.000000 1700.000000 -8.226511 -42.352011 -0.120226 0.360813 0.656314 -0.597323 -0.286830
7000.000000 9100.000000 -8.251907 -43.416803 -0.156726 0.382539 0.644927 -0.591096 -0.297218
7000.000000 9150.000000 -7.076181 -41.264613 -0.214375 0.361290 0.651643 -0.601588 -0.287965
7000.000000 9200.000000 -10.443479 -45.106541 -0.876585 0.364555 0.647296 -0.598824 -0.299195
7050.000000 1700.000000 -11.073335 -43.905961 -0.583147 0.332336 0.676075 -0.584410 -0.301564
7050.000000 1650.000000 -11.983945 -44.514424 -0.721027 0.334828 0.672069 -0.588708 -0.299393
7050.000000 1750.000000 -11.392214 -44.126467 -0.626402 0.336103 0.671583 -0.584491 -0.307215
7050.000000 9050.000000 -13.867031 -44.951667 -0.714133 0.339219 0.673282 -0.582107 -0.304587
7050.000000 9100.000000 -10.119154 -45.101517 -0.904102 0.353441 0.661126 -0.580295 -0.318198
7050.000000 9150.000000 -8.463539 -43.014023 -0.136573 0.334845 0.673959 -0.583488 -0.305286
7100.000000 1750.000000 -11.817959 -44.474225 -0.645053 0.280286 0.692521 -0.616684 -0.248105
7100.000000 1800.000000 -10.237884 -43.469888 -0.427583 0.292592 0.690558 -0.605711 -0.265768
7100.000000 1700.000000 -13.180347 -45.566651 -0.829231 0.275382 0.695619 -0.617874 -0.241888
7100.000000 9000.000000 -21.932578 -48.046842 -1.895339 0.266144 0.691982 -0.626151 -0.241379
7100.000000 9050.000000 -14.552280 -44.584236 -1.091601 0.267711 0.695280 -0.622410 -0.239839
7100.000000 8950.000000 -19.451163 -45.930905 -1.850313 0.282396 0.687760 -0.613426 -0.266360
7150.000000 1800.000000 -13.400962 -45.948419 -0.887291 0.193056 0.708445 -0.652490 -0.187329
7150.000000 1750.000000 -14.148927 -46.927844 -0.917162 0.196402 0.705902 -0.655309 -0.183572
7150.000000 1850.000000 -12.370354 -44.587188 -0.792397 0.188582 0.710388 -0.652427 -0.184725
7150.000000 8850.000000 -18.335862 -45.351531 -1.605826 0.202827 0.705703 -0.650743 -0.193332
7150.000000 8950.000000 -19.481147 -45.453768 -1.964706 0.183494 0.704007 -0.654652 -0.205270
7150.000000 8800.000000 -27.568741 -46.454683 -2.593150 0.206943 0.712217 -0.640169 -0.200262
7200.000000 1800.000000 -15.252832 -48.449125 -0.989582 0.198731 0.707157 -0.660668 -0.154768
7200.000000 1850.000000 -14.713312 -47.826231 -0.947324 0.201121 0.707948 -0.658458 -0.157456
7200.000000 1750.000000 -13.244713 -47.041143 -0.423866 0.198356 0.710963 -0.655893 -0.158084
7200.000000 8850.000000 -19.532546 -46.426736 -1.614412 0.210054 0.705441 -0.656802 -0.163834
7200.000000 8950.000000 -20.084789 -46.527101 -1.666087 0.201871 0.704602 -0.658805 -0.169588
7200.000000 8900.000000 -18.042673 -45.323772 -1.412026 0.187602 0.710229 -0.662515 -0.146473
7250.000000 1850.000000 -16.573873 -49.980249 -1.098367 0.186887 0.717054 -0.654421 -0.150464
7250.000000 1800.000000 -13.296973 -46.674935 -0.372430 0.180935 0.718009 -0.654355 -0.153444
7250.000000 1750.000000 -14.095082 -47.740203 -0.596251 0.180206 0.719685 -0.652546 -0.154154
7250.000000 8850.000000 -18.730872 -47.475700 -1.474635 0.199641 0.714401 -0.650192 -0.164392
7250.000000 8950.000000 -20.071036 -46.584672 -1.675635 0.191890 0.712805 -0.652669 -0.170619
7250.000000 8900.000000 -23.811113 -46.861178 -2.030296 0.175866 0.718367 -0.656971 -0.146318
7300.000000 1850.000000 -15.723454 -49.620187 -0.786914 0.150432 0.705559 -0.684906 -0.102278
7300.000000 1800.000000 -13.747321 -46.939779 -0.416234 0.139913 0.704816 -0.687959 -0.101837
7300.000000 1750.000000 -14.345941 -47.641783 -0.752956 0.136660 0.702127 -0.691236 -0.102635
7300.000000 8800.000000 -27.433987 -47.407994 -2.539843 0.150453 0.711785 -0.675925 -0.117692
7300.000000 8850.000000 -19.432049 -48.046518 -1.572050 0.165929 0.703566 -0.680117 -0.122080
7300.000000 8950.000000 -21.011644 -45.103718 -1.906264 0.128383 0.701780 -0.692837 -0.104885
7350.000000 1800.000000 -11.928428 -44.738426 1.500944 0.115583 0.734650 -0.664908 -0.069478
7350.000000 1850.000000 -14.198055 -46.531659 0.227817 0.105636 0.736056 -0.665324 -0.066383
7350.000000 1750.000000 nan nan nan nan nan nan nan
7350.000000 8950.000000 -22.955561 -47.089842 -1.897509 0.115593 0.732537 -0.662843 -0.103281
7350.000000 8850.000000 -21.263607 -47.205657 -1.917338 0.140378 0.727572 -0.661981 -0.112756
7350.000000 8800.000000 -27.718983 -47.196325 -2.583464 0.138088 0.736599 -0.652948 -0.109602
7400.000000 1800.000000 nan nan nan nan nan nan nan
7400.000000 1850.000000 -14.987748 -47.677303 -0.846047 0.101624 0.711287 -0.694149 -0.043598
7400.000000 1750.000000 -16.448638 -48.214308 -2.139370 -0.086818 -0.698568 0.709206 0.038628
7400.000000 8800.000000 -27.792537 -47.591319 -2.576242 0.121083 0.720733 -0.677886 -0.079708
7400.000000 8950.000000 -23.808376 -47.029350 -1.984360 0.089095 0.715262 -0.690930 -0.055481
7400.000000 8850.000000 -22.381810 -47.172089 -2.056036 0.120596 0.710142 -0.688216 -0.086684
7450.000000 1800.000000 -14.944730 -46.536185 1.323896 0.092482 0.769099 -0.630833 -0.044532
7450.000000 1750.000000 -18.627828 -59.508683 -1.508500 0.120866 0.747904 -0.649149 -0.068087
7450.000000 1850.000000 nan nan nan nan nan nan nan
7450.000000 8800.000000 -28.292092 -47.786894 -2.657788 0.147008 0.752021 -0.636508 -0.087807
7450.000000 8900.000000 -22.163782 -48.916813 -1.673388 0.129031 0.750991 -0.642536 -0.080696
7450.000000 8950.000000 -24.265029 -47.735755 -2.006356 0.117256 0.754411 -0.641407 -0.075577
7500.000000 1800.000000 nan nan nan nan nan nan nan
7500.000000 1750.000000 nan nan nan nan nan nan nan
7500.000000 1850.000000 -16.954859 -73.745712 -2.098836 0.180962 0.713621 -0.667997 -0.108524
7500.000000 8950.000000 -24.346184 -47.794730 -2.070165 0.147219 0.718990 -0.672819 -0.093241
7500.000000 8900.000000 -24.716587 -48.056768 -2.062753 0.144712 0.720607 -0.671001 -0.097679
7500.000000 8800.000000 -27.953014 -48.446597 -2.590741 0.177041 0.723379 -0.658762 -0.106825
7550.000000 1800.000000 -20.338403 -53.268179 -1.641250 -0.144274 -0.686778 0.701797 0.122481
7550.000000 1850.000000 -19.329790 -52.243918 -1.412076 0.148030 0.698253 -0.690540 -0.116976
7550.000000 1600.000000 -8.128787 -42.132478 0.041385 0.193777 0.694010 -0.679915 -0.136076
7550.000000 8850.000000 -23.523201 -52.381095 -1.898591 0.226987 0.681122 -0.676522 -0.163912
7550.000000 8800.000000 -28.477712 -48.374389 -2.649052 0.231624 0.686349 -0.666297 -0.176985
7550.000000 8950.000000 -23.293736 -50.270994 -1.942031 -0.231383 -0.675739 0.676692 0.178680
7600.000000 1850.000000 -13.702665 -53.140170 -0.933668 0.313212 0.648982 -0.635441 -0.277372
7600.000000 1800.000000 -15.506929 -55.585325 -1.186862 -0.319228 -0.640196 0.640314 0.279715
7600.000000 1600.000000 -9.352962 -43.989987 -0.080690 0.299549 0.658145 -0.639286 -0.261588
7600.000000 9050.000000 -19.927141 -53.628782 -1.341669 0.316205 0.653171 -0.631304 -0.273566
7600.000000 8950.000000 -22.531457 -55.230206 -3.509958 -0.329335 -0.607429 0.625195 0.362905
7600.000000 9000.000000 -21.555788 -53.094941 -3.064749 -0.292208 -0.625266 0.648082 0.321943
7650.000000 1850.000000 -17.796432 -59.922492 -1.111290 0.458670 0.585427 -0.542502 -0.390626
7650.000000 1800.000000 -18.865058 -60.967651 -1.073592 0.453453 0.588971 -0.547979 -0.383683
7650.000000 1700.000000 -14.275901 -63.809322 -0.998581 0.472819 0.576455 -0.529296 -0.404954
7650.000000 9100.000000 -19.575878 -61.624715 -0.576332 0.453718 0.599978 -0.549252 -0.363989
7650.000000 9050.000000 -20.368235 -58.182932 -1.358033 0.441542 0.596322 -0.556237 -0.374220
7650.000000 9150.000000 -18.514893 -63.631254 -0.433646 0.467942 0.587713 -0.531532 -0.391278
7700.000000 1850.000000 -20.306834 -62.131968 -0.939766 0.540144 0.533237 -0.457141 -0.463601
7700.000000 1800.000000 -20.255551 -61.103455 -0.363223 0.540928 0.540724 -0.457422 -0.453630
7700.000000 1700.000000 -16.228257 -58.896361 -1.261954 0.523006 0.536588 -0.470296 -0.466218
7700.000000 9150.000000 -20.782053 -64.782480 -0.489898 0.560145 0.519268 -0.433744 -0.477980
7700.000000 9500.000000 -23.885230 -65.212679 -1.591860 0.534461 0.528892 -0.460293 -0.471970
7700.000000 9250.000000 -20.179748 -64.778022 -0.497258 0.552865 0.526733 -0.438467 -0.473962
7750.000000 1900.000000 -19.651501 -65.213151 -1.472976 0.648468 0.433220 -0.357966 -0.513489
7750.000000 1700.000000 nan nan nan nan nan nan nan
7750.000000 1650.000000 nan nan nan nan nan nan nan
7750.000000 9550.000000 -25.387155 -66.782689 -1.708664 0.640770 0.450378 -0.362790 -0.504932
7750.000000 9500.000000 -24.944778 -66.918812 -1.569123 0.638936 0.452944 -0.371135 -0.498860
7750.000000 9600.000000 -25.123252 -66.443075 -1.798702 0.633372 0.453295 -0.384269 -0.495682
7800.000000 1900.000000 -23.028144 -66.514366 -1.538038 0.669839 0.346235 -0.241026 -0.611018
7800.000000 1950.000000 -21.181539 -70.267569 -1.148632 0.669640 0.322710 -0.237367 -0.625379
7800.000000 1700.000000 -19.732898 -60.152242 -0.650102 0.664333 0.377908 -0.252592 -0.593333
7800.000000 9500.000000 -25.340317 -69.421737 -1.494086 0.665908 0.335401 -0.240256 -0.621571
7800.000000 9450.000000 -25.553937 -69.024242 -1.472211 0.670189 0.333723 -0.237450 -0.618946
7800.000000 9400.000000 -26.297323 -68.513097 -1.653312 0.672253 0.333878 -0.242828 -0.614520
7850.000000 1900.000000 -21.753381 -65.651788 -1.212323 0.685580 0.256774 -0.159568 -0.662258
7850.000000 1950.000000 -23.540330 -69.768120 -1.070075 0.687194 0.228230 -0.139017 -0.675537
7850.000000 1650.000000 -17.204004 -59.440574 -0.909568 0.661163 0.308421 -0.221607 -0.647016
7850.000000 9600.000000 -26.815984 -68.751931 -1.787271 0.683301 0.229760 -0.154696 -0.675559
7850.000000 9650.000000 -28.026501 -69.549957 -1.937269 0.684275 0.233132 -0.146806 -0.675178
7850.000000 9700.000000 -28.545954 -69.474213 -2.055761 0.684247 0.231470 -0.147697 -0.675584
7900.000000 1900.000000 -23.263322 -67.686812 -1.612205 0.727504 0.133640 -0.010267 -0.672884
7900.000000 1950.000000 -24.762628 -71.924127 -0.842140 0.731817 0.092433 0.020920 -0.674880
7900.000000 9700.000000 -30.192662 -70.797830 -2.169036 0.729566 0.086426 0.026600 -0.677906
7900.000000 9650.000000 -29.796466 -69.892518 -2.233216 0.726001 0.100723 0.009193 -0.680215
7900.000000 9750.000000 -30.912966 -69.698035 -2.434731 0.723599 0.109409 -0.004770 -0.681477
7950.000000 9750.000000 -32.065633 -70.045876 -2.514649 0.714030 -0.010466 0.099851 -0.692879
7950.000000 8000.000000 -32.100695 -69.709603 -2.577897 0.716632 -0.009047 0.104103 -0.689579
7950.000000 9700.000000 -31.274851 -69.552445 -2.457508 0.713634 -0.023914 0.116264 -0.690389
10000.000000 8250.000000 -38.222485 -63.232514 -3.611166 0.587862 -0.384258 0.435644 -0.563008
10000.000000 8200.000000 -38.807817 -63.403667 -3.583798 0.578022 -0.394173 0.442070 -0.561331
10000.000000 9950.000000 -38.485748 -63.938440 -3.539123 0.585999 -0.391996 0.432053 -0.562383
10050.000000 8250.000000 -39.179406 -61.401699 -3.740201 0.572250 -0.425150 0.452070 -0.536106
10050.000000 8200.000000 -38.850165 -61.436453 -3.707384 0.562027 -0.434941 0.456840 -0.535023
10050.000000 8300.000000 -38.539644 -61.382358 -3.778451 0.569593 -0.422811 0.451296 -0.541412
10100.000000 8350.000000 -38.990430 -59.394881 -3.904926 0.570769 -0.430806 0.456955 -0.528981
10100.000000 8400.000000 -38.803131 -59.502654 -3.928988 0.571164 -0.426155 0.456090 -0.533052
10100.000000 8300.000000 -39.529572 -59.292499 -3.833821 0.561854 -0.432478 0.463005 -0.531892
10150.000000 8400.000000 -39.465652 -57.467604 -3.989292 0.537933 -0.451798 0.489435 -0.516683
10150.000000 8450.000000 -39.232280 -55.855310 -3.958484 0.540849 -0.450263 0.494512 -0.510102
10150.000000 8350.000000 -39.555451 -57.363438 -3.937752 0.538752 -0.457439 0.491353 -0.508987
10200.000000 8400.000000 -39.325789 -55.410051 -4.006253 -0.491557 0.517520 -0.513536 0.476262
10200.000000 8500.000000 -39.165500 -54.752536 -4.027310 0.487884 -0.513946 0.517461 -0.479649
10200.000000 8450.000000 -39.154777 -55.007690 -3.998717 0.495629 -0.511747 0.519039 -0.472298
10250.000000 8500.000000 -38.789128 -53.357458 -3.989130 -0.387631 0.586740 -0.584859 0.404251
10250.000000 8450.000000 -38.997665 -54.126685 -3.977930 -0.391181 0.588061 -0.581471 0.403798
10250.000000 8400.000000 -39.175784 -53.765117 -3.965073 -0.388440 0.592082 -0.582174 0.399534
10300.000000 8600.000000 -38.346429 -51.324092 -3.816236 -0.301333 0.634847 -0.612444 0.362050
10300.000000 8500.000000 -38.411641 -51.951014 -3.778679 -0.307529 0.632110 -0.605119 0.373755
10300.000000 8400.000000 -38.643847 -51.773128 -3.659207 -0.308290 0.638904 -0.602863 0.365124
10350.000000 8600.000000 -37.572242 -49.997376 -3.586406 -0.202716 0.659945 -0.637807 0.341440
10350.000000 8550.000000 -37.450376 -50.142271 -3.545471 -0.206527 0.661832 -0.635811 0.339218
10350.000000 8650.000000 -38.151987 -49.532872 -3.684906 -0.198450 0.664362 -0.633250 0.343853
10400.000000 8600.000000 -36.276574 -48.625854 -3.494793 0.187518 -0.652410 0.668569 -0.303667
10400.000000 8650.000000 -36.317371 -48.602234 -3.418768 0.189416 -0.657193 0.663543 -0.303199
10400.000000 8550.000000 -36.317850 -48.534714 -3.394812 0.190146 -0.656276 0.663298 -0.305257
10450.000000 8600.000000 -35.112212 -46.681341 -3.281764 0.226782 -0.632260 0.656731 -0.342813
10450.000000 8650.000000 -35.021085 -47.053540 -3.256643 0.228347 -0.635716 0.652994 -0.342524
10450.000000 8550.000000 -34.595294 -47.172853 -3.231838 0.231388 -0.633685 0.653109 -0.344022
10500.000000 8550.000000 -34.214966 -45.537347 -2.924152 0.267574 -0.581799 0.682323 -0.352633
10500.000000 8600.000000 -34.672111 -45.076114 -3.270130 0.263704 -0.574631 0.686006 -0.360075
10500.000000 8650.000000 -34.031275 -45.149635 -3.071603 0.260047 -0.582651 0.683490 -0.354591
10550.000000 8550.000000 -31.734583 -44.679795 -2.540958 0.254130 -0.598739 0.658909 -0.377847
10550.000000 8600.000000 -33.707848 -43.148242 -3.364571 0.247525 -0.588681 0.665429 -0.386512
10550.000000 8650.000000 -32.575151 -42.791872 -2.648284 0.248311 -0.600304 0.659139 -0.378831
10600.000000 8550.000000 -28.915797 -44.166661 -1.837727 0.288490 -0.597187 0.664461 -0.344432
10600.000000 8650.000000 -29.524301 -41.827425 -2.334927 0.279334 -0.593371 0.669209 -0.349346
10600.000000 8450.000000 -35.768547 -51.694443 -3.379424 0.287303 -0.594222 0.669823 -0.340138
10650.000000 8550.000000 -27.046169 -45.140781 -2.041057 0.316266 -0.612040 0.634736 -0.349990
10650.000000 8450.000000 -34.617310 -51.144037 -3.250981 0.319835 -0.611104 0.634016 -0.349687
10650.000000 8500.000000 -28.137538 -46.451420 -2.084902 0.335557 -0.595430 0.624555 -0.377884
10700.000000 8550.000000 -23.979088 -44.623846 -1.364394 0.270511 -0.621589 0.658240 -0.327369
10700.000000 8500.000000 -23.571654 -44.588976 -1.325318 0.263641 -0.618654 0.662278 -0.330377
10700.000000 8600.000000 -25.706135 -41.803932 -1.870141 0.268137 -0.611215 0.664605 -0.335886
10750.000000 8650.000000 -25.889527 -42.874213 -1.957038 0.204157 -0.643082 0.671740 -0.305829
10750.000000 8600.000000 -26.216141 -43.518821 -2.085365 0.207213 -0.633203 0.676175 -0.314490
10750.000000 8550.000000 -20.720874 -46.165267 -1.185327 0.211063 -0.639078 0.672334 -0.308219
10800.000000 8600.000000 -22.627369 -46.579957 -1.391932 0.193463 -0.658863 0.684401 -0.245084
10800.000000 8650.000000 -21.559665 -46.304763 -1.292304 0.191792 -0.663331 0.680966 -0.243915
10800.000000 8700.000000 -24.513480 -45.526749 -1.804128 0.190893 -0.659597 0.686276 -0.239828
10850.000000 8650.000000 -21.925730 -45.919398 -1.520191 0.166398 -0.676741 0.689215 -0.198282
10850.000000 8600.000000 -22.710767 -46.398985 -1.488912 0.173553 -0.669379 0.692994 -0.203890
10850.000000 8550.000000 -18.583143 -48.898661 -0.890665 0.154294 -0.681419 0.692390 -0.180161
10900.000000 8650.000000 -22.807073 -47.822064 -1.395041 0.181635 -0.664637 0.684848 -0.237169
10900.000000 8600.000000 -20.760840 -49.473155 -1.281971 0.165868 -0.655145 0.698987 -0.233858
10900.000000 8700.000000 -21.733364 -44.785954 -1.462947 0.184355 -0.655675 0.692259 -0.238498
10950.000000 8650.000000 -18.603628 -48.949165 -1.128784 0.180156 -0.649601 0.687929 -0.268918
10950.000000 8600.000000 -20.026972 -48.885075 -0.820314 0.192312 -0.645839 0.685593 -0.275444
10950.000000 8550.000000 -17.354517 -51.267789 -0.620730 0.184441 -0.652063 0.685444 -0.266387
11000.000000 8650.000000 -17.642541 -43.609099 -0.406111 -0.152180 0.676759 -0.672822 0.257193
11000.000000 8700.000000 nan nan nan nan nan nan nan
11000.000000 8550.000000 nan nan nan nan nan nan nan
11050.000000 8700.000000 nan nan nan nan nan nan nan
11050.000000 8650.000000 nan nan nan nan nan nan nan
11200.000000 8700.000000 nan nan nan nan nan nan nan
11200.000000 8650.000000 nan nan nan nan nan nan nan
11200.000000 8600.000000 -16.179074 -57.292879 0.362238 0.194214 -0.607130 0.741052 -0.210986
11250.000000 8650.000000 nan nan nan nan nan nan nan
11250.000000 8750.000000 -13.902713 -55.375384 -0.128322 0.234734 -0.567595 0.738490 -0.278152
11250.000000 8600.000000 nan nan nan nan nan nan nan
11350.000000 8650.000000 nan nan nan nan nan nan nan
11500.000000 8650.000000 nan nan nan nan nan nan nan
11500.000000 8600.000000 nan nan nan nan nan nan nan
11600.000000 8650.000000 nan nan nan nan nan nan nan
11650.000000 8450.000000 nan nan nan nan nan nan nan
11700.000000 8650.000000 nan nan nan nan nan nan nan
11900.000000 8650.000000 nan nan nan nan nan nan nan
11950.000000 8650.000000 nan nan nan nan nan nan nan
20000.000000 600.000000 4.202371 -2.766782 0.525629 0.185237 0.720421 -0.661569 -0.094908
20000.000000 650.000000 4.410888 -3.371700 0.527537 0.185601 0.718975 -0.663508 -0.091569
20000.000000 700.000000 4.300387 -3.890447 0.532530 0.179988 0.723473 -0.659357 -0.097153
20050.000000 600.000000 3.664864 -4.063291 0.436924 0.145281 0.734974 -0.656207 -0.089992
20050.000000 650.000000 4.077669 -4.587079 0.510287 0.146484 0.733154 -0.657683 -0.092093
20050.000000 700.000000 3.562450 -5.525352 0.442797 0.140513 0.737452 -0.653619 -0.095927
20100.000000 650.000000 3.619971 -5.934198 0.538419 0.160023 0.724123 -0.662239 -0.107139
20100.000000 700.000000 2.994153 -6.768749 0.389016 0.153439 0.727578 -0.658586 -0.115544
20100.000000 600.000000 2.906204 -4.624860 0.309867 0.155630 0.723741 -0.663657 -0.107416
20100.000000 8850.000000 1.159988 -11.264293 -0.793562 0.180445 0.716786 -0.661822 -0.125097
20100.000000 8800.000000 -21.928816 -36.891645 -1.966137 0.161673 0.729674 -0.653641 -0.119125
20150.000000 700.000000 3.548216 -7.075846 0.865387 0.127552 0.738807 -0.655798 -0.088454
20150.000000 750.000000 2.412703 -6.982085 0.394604 0.082842 0.715782 -0.693049 -0.021813
20150.000000 650.000000 2.781380 -6.265431 0.532085 0.083789 0.716950 -0.691361 -0.031341
20150.000000 8800.000000 -22.347162 -37.582811 -2.141892 0.114297 0.719824 -0.682212 -0.058105
20150.000000 8850.000000 -5.741183 -17.456102 -1.543541 0.115439 0.710197 -0.692008 -0.058470
20150.000000 8900.000000 23.254334 18.347851 0.759863 0.109411 0.715298 -0.687378 -0.062369
20200.000000 750.000000 2.095615 -9.234642 0.418568 0.153066 0.702893 -0.691045 -0.070489
20200.000000 800.000000 1.736891 -10.192469 0.402355 0.147743 0.703515 -0.692196 -0.064054
20200.000000 700.000000 2.087673 -8.050526 0.348218 0.143128 0.705066 -0.690146 -0.078073
20200.000000 8850.000000 -8.347280 -22.445152 -0.715582 0.171792 0.701854 -0.686005 -0.085354
20250.000000 800.000000 1.352716 -11.842132 0.387959 0.112068 0.712223 -0.691200 -0.049211
20250.000000 750.000000 1.495824 -10.062966 0.201500 0.100054 0.703533 -0.702989 -0.028929
20250.000000 850.000000 1.375983 -11.890905 0.399011 0.114442 0.707075 -0.696723 -0.039051
20250.000000 8850.000000 -7.604537 -21.173722 -1.367195 0.127623 0.705462 -0.694442 -0.061528
20250.000000 8800.000000 -5.700356 -19.291089 -0.110944 0.118958 0.716014 -0.685595 -0.055969
20250.000000 8900.000000 13.825954 4.490889 1.408786 0.122405 0.711531 -0.689496 -0.057758
20300.000000 850.000000 0.728637 -13.713161 0.379003 0.148818 0.709623 -0.685932 -0.061528
20300.000000 800.000000 0.931602 -12.562504 0.342639 0.137891 0.714458 -0.682761 -0.066124
20300.000000 900.000000 0.695091 -13.578802 0.340615 0.131042 0.713957 -0.685267 -0.059181
20300.000000 8850.000000 -11.070085 -25.915228 -1.609667 0.151055 0.707863 -0.685628 -0.077636
20300.000000 8950.000000 -8.942614 -27.375194 -0.792027 0.159174 0.709168 -0.681752 -0.083420
20300.000000 8900.000000 11.428777 -0.389421 1.037137 0.149987 0.713169 -0.680483 -0.076400
20350.000000 950.000000 -0.010750 -15.455804 0.201257 0.122506 0.707372 -0.695138 -0.037424
20350.000000 900.000000 0.067227 -15.870565 0.299438 0.123682 0.711371 -0.690279 -0.046576
20350.000000 1000.000000 0.020075 -15.366203 0.218700 0.117584 0.712159 -0.690520 -0.046742
20350.000000 8800.000000 -20.813902 -37.307997 -1.848985 0.137467 0.715308 -0.682585 -0.059295
20350.000000 8850.000000 -5.141909 -19.978054 -1.271282 0.141934 0.705329 -0.691629 -0.063365
20350.000000 8950.000000 -12.196192 -31.945910 -0.945035 0.148546 0.706967 -0.688511 -0.063914
20400.000000 950.000000 -0.628329 -17.115349 0.199012 0.124857 0.716937 -0.683783 -0.053416
20400.000000 1000.000000 -0.835154 -18.267193 0.123929 0.124886 0.722272 -0.676715 -0.069164
20400.000000 900.000000 -0.306359 -16.802102 0.295150 0.124275 0.721311 -0.677565 -0.071917
20400.000000 8850.000000 -10.974916 -26.338423 -1.811496 0.140528 0.713175 -0.682184 -0.079109
20400.000000 8900.000000 10.931637 -3.192549 0.797872 0.136852 0.721414 -0.673773 -0.082839
20400.000000 9000.000000 -19.796363 -43.204856 -1.492438 0.137369 0.718229 -0.680039 -0.053137
20450.000000 1050.000000 -1.485119 -20.254020 0.120476 0.149474 0.708489 -0.685587 -0.075306
20450.000000 1000.000000 -1.342173 -19.580328 0.176977 0.137756 0.711075 -0.685799 -0.071237
20450.000000 1100.000000 -1.519476 -19.292130 0.102874 0.141499 0.708412 -0.687409 -0.074828
20450.000000 8850.000000 -14.810473 -31.715061 -1.648055 0.157207 0.706498 -0.684472 -0.087437
20450.000000 9000.000000 -20.595480 -44.881579 -1.524374 0.163233 0.708083 -0.684231 -0.061655
20450.000000 8800.000000 -23.303365 -40.402797 -2.133537 0.160168 0.714005 -0.675195 -0.093028
20500.000000 1100.000000 -2.206657 -21.316358 0.189255 0.129250 0.699765 -0.698758 -0.073218
20500.000000 1050.000000 -2.142984 -21.232405 0.159414 -0.130941 -0.695763 0.702780 0.069776
20500.000000 1000.000000 -1.884255 -20.137806 0.223348 -0.113841 -0.697691 0.704581 0.061906
20500.000000 8850.000000 -12.822715 -30.285406 -1.544463 -0.151764 -0.694484 0.697794 0.087997
20500.000000 9000.000000 -20.898584 -45.327438 -1.560251 0.149059 0.698454 -0.697489 -0.058751
20500.000000 8950.000000 -5.998159 -29.669819 -0.646947 0.173024 0.692431 -0.690778 -0.115875
20550.000000 1150.000000 -2.812513 -23.450281 0.071411 0.148912 0.706270 -0.689671 -0.057985
20550.000000 1100.000000 -2.839585 -23.004373 0.150795 0.135672 0.707051 -0.691815 -0.055353
20550.000000 1200.000000 -2.642960 -23.060173 -0.019737 0.142790 0.704826 -0.692194 -0.060816
20550.000000 8800.000000 -21.253065 -39.625150 -1.858824 0.169548 0.711940 -0.675928 -0.086698
20550.000000 9000.000000 -20.382063 -44.588485 -1.667731 0.145163 0.707432 -0.689363 -0.056974
20550.000000 8850.000000 -11.608013 -30.089190 -1.305218 0.162615 0.705382 -0.685146 -0.081048
20600.000000 1200.000000 -3.552602 -26.116704 -0.092189 0.145183 0.707715 -0.684900 -0.094726
20600.000000 1250.000000 -3.393965 -24.647206 -0.147463 0.135387 0.706942 -0.689274 -0.082487
20600.000000 1150.000000 -3.363745 -24.544654 0.105078 0.143453 0.707081 -0.687167 -0.085198
20600.000000 8850.000000 -9.947898 -28.708758 -1.290029 0.159378 0.706654 -0.680585 -0.109736
20600.000000 8950.000000 -12.634584 -35.566389 -1.362417 0.167827 0.703494 -0.679011 -0.125995
20600.000000 8800.000000 -23.701788 -41.849083 -2.106897 0.163347 0.715629 -0.669544 -0.113597
20650.000000 1250.000000 -4.140613 -27.977540 -0.089183 0.150891 0.717470 -0.674873 -0.083750
20650.000000 1200.000000 -3.978933 -28.235143 0.009635 0.154876 0.718392 -0.671870 -0.092286
20650.000000 1300.000000 -4.030862 -27.129009 -0.172271 0.138688 0.710940 -0.685687 -0.071858
20650.000000 8800.000000 -20.849987 -40.401942 -1.788593 0.168438 0.723506 -0.660613 -0.108437
20650.000000 8950.000000 -12.301403 -36.012200 -1.242894 0.173763 0.713613 -0.668282 -0.118162
20650.000000 9000.000000 -19.026915 -43.632207 -1.486034 0.156206 0.719298 -0.671615 -0.084522
20700.000000 1300.000000 -4.725417 -29.792910 -0.180692 0.118948 0.723597 -0.677260 -0.059811
20700.000000 1250.000000 -5.332265 -30.868335 -0.223315 0.124865 0.729814 -0.669079 -0.064140
20700.000000 1350.000000 -4.506597 -31.115267 0.021973 0.110981 0.730634 -0.671092 -0.059095
20700.000000 8950.000000 -7.909925 -33.184601 -0.723850 0.158917 0.725249 -0.662081 -0.102023
20700.000000 8850.000000 -3.185298 -27.410686 -0.691150 0.154445 0.725440 -0.664487 -0.091329
20700.000000 8900.000000 -13.406890 -33.106843 -1.201575 0.120847 0.728786 -0.671331 -0.059852
20750.000000 1350.000000 -5.015747 -32.455371 -0.024634 0.100581 0.719263 -0.684780 -0.060175
20750.000000 1300.000000 -5.558942 -32.681856 -0.200060 0.103046 0.712686 -0.691427 -0.058211
20750.000000 1400.000000 -5.105265 -33.226582 -0.042625 0.091787 0.713814 -0.692460 -0.050437
20750.000000 8800.000000 -20.844992 -40.472601 -1.917252 0.119019 0.722666 -0.676750 -0.074820
20750.000000 8850.000000 -9.136164 -29.090349 -1.799811 0.109996 0.711575 -0.690627 -0.067802
20750.000000 8950.000000 -6.752247 -30.789477 -0.610788 0.124223 0.714718 -0.683467 -0.081367
20800.000000 1400.000000 -5.889132 -34.581152 -0.160541 0.056012 0.742031 -0.668010 -0.003968
20800.000000 1350.000000 -6.076334 -35.119430 -0.172557 0.056134 0.744007 -0.665808 -0.001576
20800.000000 1450.000000 -5.752702 -33.652279 -0.218389 0.047585 0.738331 -0.672677 -0.010470
20850.000000 1450.000000 -5.973346 -36.627179 0.094425 0.107315 0.714717 -0.690392 -0.031975
20850.000000 1400.000000 -5.369954 -35.533759 0.113280 0.103617 0.718440 -0.687328 -0.026232
20850.000000 1500.000000 -5.876618 -36.823211 0.034560 0.107217 0.716600 -0.688782 -0.023839
20850.000000 8800.000000 -21.836117 -40.811765 -1.280240 0.073106 0.745549 -0.660590 -0.049320
20850.000000 8950.000000 -22.412836 -45.960516 -1.795950 0.121169 0.721677 -0.680119 -0.044020
20900.000000 1500.000000 -6.077450 -38.363516 0.046673 0.141177 0.717995 -0.679907 -0.047734
20900.000000 1550.000000 -5.982816 -37.656213 0.106591 0.138823 0.722090 -0.675794 -0.051160
20900.000000 1450.000000 -5.688013 -36.963291 0.097251 0.128589 0.711725 -0.688678 -0.051335
20900.000000 8950.000000 -7.375925 -35.695540 -1.734348 0.133470 0.719547 -0.675341 -0.091392
20900.000000 8850.000000 -4.664141 -34.860309 1.004816 0.160004 0.727428 -0.663299 -0.072672
20900.000000 8800.000000 -24.408480 -44.069976 -2.236227 0.146783 0.726161 -0.668084 -0.069346
20950.000000 1550.000000 -6.806840 -40.150853 0.087580 0.225719 0.724557 -0.638238 -0.129308
20950.000000 1500.000000 -6.151993 -38.848675 0.063596 0.233260 0.721175 -0.638335 -0.134254
20950.000000 1600.000000 -6.680849 -40.280192 -0.023181 0.232280 0.718092 -0.640168 -0.143440
20950.000000 9000.000000 -20.749839 -47.226412 -1.639190 0.216893 0.726606 -0.638733 -0.130464
20950.000000 8950.000000 -15.984765 -43.495281 -1.362460 0.236497 0.716638 -0.637060 -0.157015
20950.000000 9050.000000 -14.802299 -45.359475 -0.871596 0.227594 0.726027 -0.633544 -0.140382
21000.000000 1600.000000 -8.184327 -42.052760 -0.116892 0.373935 0.655935 -0.597569 -0.269876
21000.000000 1650.000000 -7.248373 -41.541561 -0.100707 0.361155 0.662002 -0.599290 -0.268647
21000.000000 1700.000000 -6.838788 -40.862759 -0.003227 0.352398 0.669146 -0.600377 -0.260013
21000.000000 9050.000000 -8.997508 -42.681305 0.238912 0.380559 0.657455 -0.591932 -0.269341
21000.000000 9100.000000 -9.429691 -42.016605 -0.205372 0.362803 0.662938 -0.603790 -0.253623
21000.000000 8950.000000 -16.744895 -45.000300 -1.435510 0.375934 0.652105 -0.592475 -0.287064
21050.000000 1650.000000 -9.673461 -42.918377 -0.285516 0.390119 0.657840 -0.566143 -0.307466
21050.000000 1600.000000 -9.141973 -42.660821 -0.117300 0.406049 0.650840 -0.561770 -0.309752
21050.000000 1700.000000 -8.897141 -42.330005 -0.218669 0.386482 0.661680 -0.564768 -0.306347
21050.000000 9250.000000 -10.665539 -43.572501 -0.648178 0.388505 0.657535 -0.566463 -0.309567
21050.000000 9100.000000 -12.789305 -45.094176 -0.630796 0.399819 0.655353 -0.563328 -0.305480
21050.000000 9150.000000 -9.067180 -41.952896 -0.561628 0.377771 0.659889 -0.574021 -0.303869
21100.000000 1650.000000 -11.833109 -44.223720 -0.633775 0.349064 0.693895 -0.569589 -0.268763
21100.000000 1750.000000 -11.778008 -44.191477 -0.668255 0.350776 0.691248 -0.570375 -0.271671
21100.000000 1700.000000 -11.460320 -43.869439 -0.661612 0.345920 0.694915 -0.570047 -0.269220
21100.000000 9100.000000 -13.922335 -45.930599 -0.817127 0.356251 0.691365 -0.567745 -0.269751
21100.000000 9050.000000 -11.545683 -43.483331 -0.513117 0.353962 0.692359 -0.565954 -0.273944
21100.000000 9150.000000 -12.215398 -44.221885 -0.840034 0.342329 0.694716 -0.572133 -0.269898
21150.000000 1750.000000 -12.588503 -44.811787 -0.618649 0.323077 0.713728 -0.576787 -0.231364
21150.000000 1800.000000 -11.872157 -43.622030 -0.645849 0.319214 0.712191 -0.581536 -0.229571
21150.000000 1850.000000 -11.668927 -43.287418 -0.749349 0.314338 0.713533 -0.582622 -0.229377
21150.000000 9050.000000 -15.510906 -46.347064 -0.898098 0.324429 0.711213 -0.578221 -0.233626
21150.000000 9100.000000 -13.114409 -44.982677 -0.791656 0.324103 0.710557 -0.581531 -0.227791
21150.000000 9150.000000 -13.459149 -45.156918 -0.868443 0.314280 0.713987 -0.581239 -0.231541
21200.000000 1800.000000 -13.727254 -45.683078 -0.492721 0.322963 0.707649 -0.595210 -0.201625
21200.000000 1850.000000 -13.600149 -45.768384 -0.902642 0.321658 0.697196 -0.601017 -0.221885
21200.000000 1750.000000 -13.508495 -46.219318 -0.498904 0.333535 0.703554 -0.587119 -0.221490
21200.000000 9050.000000 -15.287162 -46.827615 -0.898953 0.330180 0.692535 -0.600753 -0.224661
21200.000000 9000.000000 -22.665186 -48.823665 -1.852789 0.330844 0.693790 -0.600426 -0.220651
21200.000000 9100.000000 -12.214411 -44.876387 -0.656787 0.327004 0.693721 -0.604752 -0.214697
21250.000000 1850.000000 -15.513050 -47.606078 -0.906180 0.356568 0.699452 -0.567148 -0.248936
21250.000000 1800.000000 -16.004744 -48.645772 -1.056012 0.366185 0.689704 -0.564214 -0.268103
21250.000000 1750.000000 -12.211176 -45.088992 -0.598372 0.352384 0.693310 -0.577025 -0.249379
21250.000000 9100.000000 -15.839842 -48.098096 -1.028727 0.361093 0.690975 -0.574768 -0.248610
21250.000000 9050.000000 -17.073063 -48.465546 -1.124987 0.360558 0.691854 -0.568955 -0.260051
21250.000000 9000.000000 -21.246506 -48.687575 -1.643476 0.361587 0.694272 -0.570839 -0.247758
21300.000000 1900.000000 -17.508624 -48.760597 -1.223755 0.405116 0.651878 -0.556909 -0.317472
21300.000000 1850.000000 -17.712781 -48.669215 -1.312365 0.392932 0.655469 -0.557795 -0.323774
21300.000000 1800.000000 -16.406134 -48.241765 -0.686823 0.401713 0.655390 -0.555360 -0.317280
21300.000000 9100.000000 -18.118048 -49.441883 -1.222581 0.401109 0.652098 -0.558404 -0.319475
21300.000000 9150.000000 -17.747636 -48.876911 -1.335176 0.383413 0.656395 -0.567163 -0.316964
21300.000000 9050.000000 -19.093171 -49.333199 -1.412247 0.393094 0.656518 -0.557214 -0.322450
21350.000000 1850.000000 -11.552374 -43.770779 1.142226 0.355354 0.661748 -0.597137 -0.281497
21350.000000 1800.000000 -15.025661 -43.459724 0.066780 0.341331 0.656496 -0.617507 -0.266816
21350.000000 1750.000000 -12.646165 -45.238922 -0.593298 0.351192 0.643400 -0.610165 -0.300665
21350.000000 9100.000000 -19.667964 -48.563366 -1.430381 0.333315 0.655676 -0.621698 -0.269226
21350.000000 9050.000000 -20.476311 -48.913721 -1.499951 0.325210 0.659602 -0.618740 -0.276270
21350.000000 9000.000000 -20.829275 -48.398349 -1.484710 0.340867 0.657085 -0.608384 -0.286213
21400.000000 1850.000000 -19.642594 -46.428995 -1.152522 0.294744 0.695530 -0.622487 -0.204632
21400.000000 1800.000000 -15.170153 -41.194947 0.138673 0.299075 0.692637 -0.627268 -0.193243
21400.000000 1750.000000 -13.440770 -45.541698 -0.650969 0.330728 0.672908 -0.619346 -0.232862
21400.000000 9000.000000 -23.375878 -48.984627 -1.927847 0.302086 0.690675 -0.620845 -0.215087
21400.000000 9050.000000 -21.736718 -48.488775 -1.596473 0.292565 0.695143 -0.622841 -0.207967
21400.000000 9100.000000 -21.877974 -48.362527 -1.718816 0.300844 0.691441 -0.624926 -0.202162
21450.000000 1800.000000 -21.261303 -43.200971 -1.044289 0.243628 0.705686 -0.644702 -0.164353
21450.000000 1850.000000 -22.603797 -46.855290 -1.609247 0.247713 0.708712 -0.635361 -0.180779
21450.000000 1750.000000 -21.646404 -44.893135 -1.634722 0.238436 0.703028 -0.647915 -0.170605
21450.000000 9000.000000 -23.409740 -48.678529 -1.898757 0.255219 0.705853 -0.633093 -0.189281
21450.000000 9050.000000 -23.595550 -48.445646 -1.815342 0.248283 0.708004 -0.634337 -0.186287
21450.000000 9100.000000 -24.183637 -47.869388 -2.041877 0.256963 0.703563 -0.636563 -0.183731
21500.000000 1800.000000 -22.782794 -43.902960 -2.210528 0.196974 0.711400 -0.659119 -0.143786
21500.000000 1850.000000 -24.863762 -45.630131 -2.056778 0.206392 0.719693 -0.647224 -0.143334
21500.000000 1750.000000 -15.123346 -46.362843 -0.796223 0.278082 0.704488 -0.616068 -0.216396
21500.000000 8900.000000 -26.092901 -47.522728 -2.232087 0.221767 0.720733 -0.637003 -0.159968
21500.000000 9000.000000 -23.673361 -48.744551 -1.952515 0.216364 0.717953 -0.644794 -0.148225
21500.000000 8950.000000 -25.223388 -47.374632 -2.072282 0.226332 0.716923 -0.635722 -0.175080
21550.000000 1850.000000 -26.555332 -46.096457 -2.103407 0.110492 0.741097 -0.658653 -0.068869
21550.000000 1800.000000 -27.093409 -43.641340 -1.926709 0.119394 0.735820 -0.663760 -0.061130
21550.000000 1750.000000 -27.484303 -45.360170 -2.062321 0.120335 0.737019 -0.661323 -0.070535
21550.000000 8900.000000 -26.670500 -46.925037 -2.261591 0.135581 0.742669 -0.647457 -0.104206
21550.000000 8950.000000 -26.268933 -45.981213 -2.062538 0.119080 0.741805 -0.654651 -0.083530
21550.000000 8850.000000 -28.251127 -46.774931 -2.611177 0.122010 0.737317 -0.659245 -0.082907
21600.000000 1800.000000 -31.364608 -43.700125 -2.377583 0.020430 0.744117 -0.667693 -0.007633
21600.000000 1850.000000 -28.290688 -45.353590 -2.251011 0.022242 0.747599 -0.663522 -0.018462
21600.000000 1750.000000 -29.041276 -47.219377 -2.616428 0.042748 0.742265 -0.667754 -0.036345
21600.000000 8850.000000 -28.491514 -46.651166 -2.631580 0.041309 0.746334 -0.663595 -0.030330
21600.000000 8900.000000 -27.670497 -46.829949 -2.398403 0.039619 0.749457 -0.660240 -0.028766
21600.000000 8800.000000 -30.005413 -46.528630 -2.894127 0.057350 0.751620 -0.655162 -0.050408
21650.000000 1850.000000 -23.753019 -48.037147 -2.014538 -0.047550 0.723915 -0.682836 0.086148
21650.000000 1800.000000 -31.855833 -47.494216 -3.167974 -0.034703 0.716863 -0.693609 0.061715
21650.000000 1750.000000 -43.658570 -42.966169 -9.272680 -0.031085 -0.645581 0.670197 -0.364823
21650.000000 8800.000000 -30.234984 -46.656261 -2.924901 -0.019864 0.735052 -0.675579 0.053825
21650.000000 8850.000000 -29.022718 -46.961552 -2.699719 -0.024155 0.729660 -0.681289 0.053462
21650.000000 8900.000000 -28.617540 -47.543706 -2.594399 -0.022481 0.732535 -0.677981 0.056831
21700.000000 8800.000000 -30.367346 -46.748346 -2.941562 -0.080688 0.715637 -0.679972 0.137810
21700.000000 8750.000000 -32.164372 -47.192204 -3.142654 -0.067628 0.715796 -0.683389 0.126658
21700.000000 8700.000000 -33.517381 -47.846945 -3.351761 -0.067358 0.714276 -0.684524 0.129226
21750.000000 8700.000000 -34.658570 -48.403351 -3.370035 -0.160764 0.684359 -0.679145 0.211114
21750.000000 8650.000000 -34.823304 -50.118705 -3.355927 -0.153104 0.691619 -0.675077 0.206141
21750.000000 8750.000000 -34.172169 -48.951181 -3.330811 -0.159896 0.684636 -0.681005 0.204790
21800.000000 9500.000000 -24.062237 -67.084069 -1.733603 0.718230 0.282330 -0.175488 -0.611260
21800.000000 8500.000000 -36.980625 -52.129572 -3.640235 -0.226987 0.681822 -0.649269 0.249092
21800.000000 8400.000000 -36.367612 -51.699606 -3.477163 -0.224954 0.686061 -0.648810 0.240336
21850.000000 8400.000000 -37.421802 -53.845325 -3.662460 -0.311586 0.641900 -0.625486 0.315667
21850.000000 8600.000000 -37.373092 -52.999801 -3.846713 -0.299345 0.637985 -0.634412 0.317632
21850.000000 8650.000000 -37.034901 -53.172846 -3.856851 -0.306254 0.640278 -0.625654 0.323743
21900.000000 8400.000000 -37.885627 -55.448209 -3.719487 -0.382103 0.610884 -0.592471 0.360272
21900.000000 8350.000000 -37.720504 -55.478385 -3.709408 -0.384167 0.611350 -0.591252 0.359287
21900.000000 8300.000000 -37.944684 -55.336323 -3.546011 -0.379794 0.613158 -0.587850 0.366369
21950.000000 8350.000000 -38.595757 -57.391807 -3.779823 -0.434969 0.568985 -0.566049 0.408223
21950.000000 8250.000000 -38.898470 -58.226300 -3.676768 -0.436735 0.565910 -0.562326 0.415691
21950.000000 8400.000000 -38.262825 -57.262032 -3.725606 -0.434828 0.567737 -0.562698 0.414693
22000.000000 8300.000000 -38.951292 -59.254124 -3.724405 0.473971 -0.531242 0.537025 -0.452480
22000.000000 8200.000000 -39.015691 -59.598169 -3.676989 0.468804 -0.537616 0.540387 -0.446288
22000.000000 8250.000000 -39.030803 -59.673935 -3.728218 0.479359 -0.529203 0.536940 -0.449282
22050.000000 8250.000000 -38.680343 -61.243595 -3.689336 0.544947 -0.485455 0.514534 -0.450134
22050.000000 8200.000000 -38.888899 -60.955589 -3.642596 0.534859 -0.496452 0.517421 -0.446919
22050.000000 8300.000000 -38.480307 -61.303592 -3.674083 0.544833 -0.483803 0.512844 -0.453963
22100.000000 8250.000000 -39.099837 -63.343510 -3.643048 0.603105 -0.390389 0.457228 -0.524217
22100.000000 8200.000000 -38.757008 -63.396832 -3.623990 0.590002 -0.402424 0.475154 -0.513985
22100.000000 9950.000000 -38.680560 -63.952173 -3.556868 0.595799 -0.399869 0.469722 -0.514286
22150.000000 9950.000000 -38.045654 -65.183687 -3.467606 0.624406 -0.354356 0.407278 -0.564512
22150.000000 8200.000000 -38.191723 -64.912872 -3.487185 0.618936 -0.354456 0.412233 -0.566870
22150.000000 9900.000000 -37.707244 -66.104852 -3.334433 0.626447 -0.350874 0.406896 -0.564701
22200.000000 9900.000000 -37.303883 -67.077203 -3.251065 0.662943 -0.294962 0.330945 -0.603307
22200.000000 9950.000000 -37.675934 -66.089797 -3.401053 0.659591 -0.299649 0.331661 -0.604278
22200.000000 8100.000000 -36.839970 -67.433993 -3.337988 0.663636 -0.293777 0.331972 -0.602558
22250.000000 9850.000000 -36.200589 -68.821505 -2.967917 0.718625 -0.188034 0.241190 -0.624538
22250.000000 9900.000000 -36.618659 -67.797461 -3.145160 0.716440 -0.188408 0.253307 -0.622134
22250.000000 9800.000000 -36.169177 -68.723419 -2.961524 0.711807 -0.192493 0.257734 -0.624380
22300.000000 9800.000000 -35.018988 -70.087728 -2.727060 0.725644 -0.111093 0.212850 -0.644821
22300.000000 9850.000000 -34.936523 -69.312667 -2.862554 0.734414 -0.101309 0.190351 -0.643536
22300.000000 8000.000000 -34.432771 -69.913763 -2.727652 0.739173 -0.101010 0.193312 -0.637221
22350.000000 9750.000000 -32.757623 -70.358218 -2.460924 0.770398 -0.038623 0.157245 -0.616660
22350.000000 9800.000000 -32.846070 -70.594973 -2.488019 0.765436 -0.014435 0.133516 -0.629343
22350.000000 8000.000000 -33.120257 -70.427532 -2.563746 0.771553 -0.015538 0.134600 -0.621569
22400.000000 9750.000000 -31.507879 -70.307481 -2.371357 0.755380 0.081914 0.032046 -0.649357
22400.000000 9700.000000 -30.964224 -70.822167 -2.246771 0.754515 0.068917 0.054654 -0.650362
22400.000000 9650.000000 -30.492991 -70.700929 -2.148731 0.756262 0.071366 0.047026 -0.648663
22450.000000 9650.000000 -29.059817 -71.217608 -1.793314 0.758341 0.166032 -0.032945 -0.629497
22450.000000 9700.000000 -29.437553 -70.514032 -2.067675 0.753254 0.178162 -0.051719 -0.631024
22450.000000 9600.000000 -26.933782 -68.665889 -1.811436 0.755083 0.180246 -0.057269 -0.627760
22500.000000 9650.000000 -27.377037 -69.815664 -1.744396 0.720960 0.279555 -0.152218 -0.615545
22500.000000 9600.000000 -26.732366 -68.706106 -1.781704 0.714522 0.287325 -0.164004 -0.616446
22500.000000 9500.000000 -26.543686 -69.727291 -1.616421 0.721797 0.271354 -0.149763 -0.618827
22550.000000 9500.000000 -25.010422 -68.974147 -1.453290 0.695563 0.346184 -0.214356 -0.591947
22550.000000 9550.000000 -25.340349 -69.454802 -1.382470 0.699346 0.338913 -0.192382 -0.599202
22550.000000 9600.000000 -25.997348 -68.326494 -1.645358 0.697629 0.356458 -0.216559 -0.582540
22600.000000 9550.000000 -25.124606 -66.959115 -1.563282 0.651956 0.413416 -0.255300 -0.582118
22600.000000 9500.000000 -24.177194 -67.290241 -1.398721 0.644559 0.420107 -0.274462 -0.576822
22600.000000 9400.000000 -23.914876 -68.254508 -0.857826 0.661506 0.408660 -0.249159 -0.577344
22650.000000 9500.000000 -24.806457 -65.186688 -1.623906 0.654149 0.422468 -0.301424 -0.550230
22650.000000 9400.000000 -22.576780 -67.015949 -0.541640 0.663871 0.421183 -0.284221 -0.548724
22650.000000 9450.000000 -22.416730 -68.132418 -0.622031 0.663197 0.412557 -0.275082 -0.560621
22700.000000 9400.000000 -24.215286 -64.203220 -1.620188 0.653627 0.409989 -0.290817 -0.565779
22700.000000 9450.000000 -23.739800 -64.353718 -1.533382 0.649204 0.413388 -0.291561 -0.568011
22700.000000 9350.000000 -24.480928 -63.995573 -1.533769 0.657199 0.417205 -0.288469 -0.557509
22750.000000 9350.000000 -23.306866 -62.216084 -1.543235 0.668286 0.460040 -0.283165 -0.511443
22750.000000 9400.000000 -23.329215 -62.418720 -1.578966 0.666236 0.458081 -0.292714 -0.510500
22750.000000 9450.000000 -23.502109 -62.255482 -1.584333 0.661513 0.466071 -0.291916 -0.509866
22800.000000 9350.000000 -22.461227 -60.553581 -1.481274 0.641931 0.497923 -0.315961 -0.490068
22800.000000 9300.000000 -22.224495 -60.081151 -1.401406 0.645665 0.498931 -0.306018 -0.490446
22800.000000 9400.000000 -23.010224 -60.057738 -1.659413 0.634399 0.504205 -0.330397 -0.483894
22850.000000 9300.000000 -21.242675 -58.095590 -1.291691 0.609785 0.542543 -0.366302 -0.446801
22850.000000 9350.000000 -22.377803 -58.151540 -1.573305 0.614998 0.530201 -0.354297 -0.463829
22850.000000 9250.000000 -21.737071 -58.064137 -1.432383 0.623617 0.522655 -0.344410 -0.468311
22900.000000 9200.000000 -21.254767 -56.211740 -1.374695 0.560429 0.598132 -0.393904 -0.415929
22900.000000 9250.000000 -21.313630 -56.808909 -1.393078 0.564165 0.595416 -0.392085 -0.416494
22900.000000 9300.000000 -22.540263 -56.497140 -1.650488 0.559503 0.600246 -0.394834 -0.413238
22950.000000 9200.000000 -21.434167 -54.901533 -1.450890 0.496281 0.638747 -0.452915 -0.374933
22950.000000 9150.000000 -21.573143 -54.232987 -1.494630 0.502339 0.636125 -0.447476 -0.377844
22950.000000 9100.000000 -21.861562 -53.364088 -1.600101 0.509826 0.636682 -0.442014 -0.373279
23000.000000 9150.000000 -22.490411 -53.008962 -1.728401 0.423432 0.680396 -0.515756 -0.302923
23000.000000 9100.000000 -21.756697 -52.383765 -1.588559 0.435568 0.677311 -0.510534 -0.301473
23000.000000 9050.000000 -22.472755 -52.090242 -1.710914 0.424867 0.680802 -0.514641 -0.301898
23050.000000 9050.000000 -22.313895 -50.450890 -1.686790 0.319583 0.719006 -0.562065 -0.254914
23050.000000 9100.000000 -23.193530 -51.418054 -1.909577 0.331173 0.716276 -0.562482 -0.246753
23050.000000 9150.000000 -23.515227 -51.374282 -1.917948 0.322926 0.718384 -0.563275 -0.249729
23100.000000 9000.000000 -23.721146 -49.159731 -1.976636 0.241907 0.749213 -0.599071 -0.145861
23100.000000 8950.000000 -24.655232 -48.753565 -2.032431 0.256290 0.746161 -0.588824 -0.175630
23100.000000 9050.000000 -23.883234 -50.128101 -1.948482 0.242412 0.749514 -0.595255 -0.158544
23150.000000 8900.000000 -26.214172 -47.219756 -2.213374 0.179500 0.760084 -0.617942 -0.090557
23150.000000 9000.000000 -23.750615 -49.062547 -1.990141 0.164689 0.754374 -0.631140 -0.073896
23150.000000 8950.000000 -25.425357 -48.034678 -2.178248 0.163491 0.758264 -0.627366 -0.068691
23200.000000 8900.000000 -26.991395 -47.395775 -2.383265 0.068974 0.773946 -0.629474 0.003597
23200.000000 8850.000000 -28.287856 -46.686932 -2.607360 0.072187 0.776739 -0.625655 -0.004696
23200.000000 9000.000000 -24.008773 -48.998424 -2.031768 0.076306 0.768068 -0.635655 -0.013839
23250.000000 8900.000000 -29.380951 -47.482779 -2.621405 -0.017110 0.782497 -0.618357 0.070995
23250.000000 8800.000000 -29.936181 -46.546377 -2.886499 0.022088 0.785777 -0.617544 0.026577
23250.000000 8850.000000 -28.452933 -46.672074 -2.636235 -0.013282 0.777591 -0.625583 0.061826
23300.000000 8800.000000 -30.470181 -46.691888 -2.938066 -0.111900 0.748363 -0.639409 0.136337
23300.000000 8700.000000 -33.021099 -47.060924 -3.266326 -0.102749 0.747981 -0.643214 0.127445
23300.000000 8600.000000 -32.483770 -47.961106 -3.135111 -0.101143 0.748248 -0.642129 0.132539
23350.000000 8700.000000 -33.702615 -47.551358 -3.394597 -0.186493 0.718620 -0.642137 0.190959
23350.000000 8600.000000 -33.911938 -48.406782 -3.319810 -0.175160 0.723818 -0.642047 0.182161
23350.000000 8650.000000 -33.923957 -48.235066 -3.391939 -0.177137 0.726853 -0.638969 0.178960
23400.000000 8600.000000 -34.903800 -49.592865 -3.441430 -0.219916 0.709728 -0.627299 0.233280
23400.000000 8500.000000 -35.986340 -50.523009 -3.533762 -0.220334 0.708407 -0.624277 0.244727
23400.000000 8700.000000 -34.925784 -47.987033 -3.460143 -0.247650 0.699057 -0.624270 0.245510
23450.000000 9550.000000 -24.529439 -67.156927 -1.717704 0.730441 0.370954 -0.219091 -0.529952
23450.000000 8500.000000 -36.345850 -51.391114 -3.594535 -0.294251 0.700601 -0.590452 0.271921
23450.000000 8600.000000 -35.920114 -51.402584 -3.580718 -0.304715 0.696645 -0.590952 0.269462
23500.000000 8400.000000 -37.079633 -53.333990 -3.649008 -0.350497 0.640348 -0.599689 0.327840
23500.000000 8500.000000 -37.327135 -52.966263 -3.758259 -0.349917 0.634258 -0.603240 0.333732
23500.000000 8550.000000 -36.795557 -53.080616 -3.685654 -0.354112 0.635741 -0.604791 0.323521
23550.000000 8400.000000 -37.450089 -55.001566 -3.726028 -0.379891 0.606763 -0.601255 0.354985
23550.000000 8350.000000 -37.833385 -55.388538 -3.749559 -0.381968 0.608167 -0.600704 0.351267
23550.000000 8600.000000 -37.627922 -54.421401 -3.959162 0.367233 -0.602926 0.613729 -0.353492
23600.000000 8350.000000 -37.986945 -56.962672 -3.773659 -0.418381 0.608338 -0.546755 0.394893
23600.000000 8400.000000 -37.605273 -56.969331 -3.718788 -0.418678 0.606503 -0.543413 0.401951
23600.000000 8300.000000 -37.987450 -56.705723 -3.640243 -0.411758 0.610119 -0.544784 0.401772
23650.000000 8250.000000 -38.519502 -58.971436 -3.719774 0.483764 -0.541098 0.541796 -0.423842
23650.000000 8300.000000 -38.384795 -58.679213 -3.695926 -0.477329 0.543306 -0.542333 0.427611
23650.000000 8200.000000 -38.444416 -59.073859 -3.656597 -0.470133 0.552715 -0.546655 0.417911
23700.000000 8250.000000 -38.590622 -60.959670 -3.707956 0.503841 -0.497619 0.533028 -0.463036
23700.000000 8200.000000 -38.521349 -60.648339 -3.659606 0.493578 -0.507321 0.536778 -0.459211
23700.000000 9950.000000 -38.526995 -61.676282 -3.594958 0.504799 -0.504102 0.528904 -0.459695
23750.000000 9950.000000 -38.261344 -63.327493 -3.530082 0.536168 -0.452248 0.484760 -0.522497
23750.000000 8250.000000 -38.380301 -62.897566 -3.625104 0.538321 -0.443911 0.486465 -0.525838
23750.000000 8200.000000 -38.166966 -62.947761 -3.557996 0.529296 -0.453935 0.490671 -0.522523
23800.000000 8100.000000 -37.133304 -65.113694 -3.389648 0.492839 -0.464492 0.533687 -0.506493
23800.000000 8150.000000 -37.165694 -65.050578 -3.450746 0.497982 -0.459502 0.527974 -0.511972
23800.000000 8550.000000 -34.785680 -66.857345 -2.815685 0.497121 -0.463109 0.532459 -0.504865
23850.000000 8550.000000 -34.673598 -67.006574 -2.901010 0.452487 -0.462464 0.572380 -0.503750
23850.000000 8600.000000 -34.721724 -68.316782 -2.946442 0.461226 -0.447892 0.566360 -0.515655
23850.000000 8650.000000 -35.762479 -70.170716 -3.243995 0.454521 -0.454455 0.569003 -0.512950
23900.000000 8550.000000 -32.406686 -70.595526 -2.589657 0.446054 -0.483746 0.559331 -0.504158
23900.000000 8600.000000 -32.980167 -70.079580 -2.533720 0.445999 -0.483782 0.554330 -0.509665
23900.000000 8650.000000 -33.943203 -71.713773 -2.680275 0.437753 -0.493653 0.555520 -0.506040
23950.000000 8550.000000 -31.285761 -71.138470 -2.405637 0.452821 -0.477420 0.546041 -0.518519
23950.000000 8600.000000 -30.050594 -74.360146 -1.985196 0.460320 -0.470315 0.539800 -0.524904
23950.000000 8650.000000 -31.982190 -70.245258 -2.570859 0.447999 -0.481731 0.543550 -0.521331
24000.000000 8350.000000 -35.358334 -71.482969 -2.479248 -0.535287 0.392777 -0.500567 0.555542
24000.000000 8250.000000 -33.066682 -71.288443 -2.216306 -0.526246 0.392090 -0.513611 0.552752
24000.000000 8550.000000 -25.411881 -74.502119 -1.240756 -0.528224 0.398528 -0.515941 0.544021
24050.000000 8250.000000 -29.388661 -68.919669 -1.890792 -0.560349 0.363412 -0.468865 0.578019
24050.000000 8350.000000 -30.004797 -67.415390 -2.272549 -0.561264 0.365121 -0.469412 0.575605
24050.000000 8150.000000 -28.072429 -67.796331 -2.048997 -0.561670 0.365415 -0.471557 0.573265
24100.000000 8350.000000 -31.242890 -68.405410 -1.676144 -0.557511 0.381593 -0.468632 0.569168
24100.000000 8250.000000 -29.988884 -68.173532 -1.852703 -0.547695 0.372015 -0.473156 0.581171
24100.000000 8150.000000 -25.417071 -66.743296 -1.671806 -0.549388 0.377817 -0.479138 0.570837
24150.000000 8250.000000 -26.691518 -66.656995 -1.544437 -0.498577 0.412498 -0.515969 0.561286
24150.000000 8450.000000 -33.077353 -59.256361 -2.792585 -0.500454 0.429699 -0.514083 0.548291
24150.000000 8400.000000 -21.778646 -66.666092 -1.120948 -0.514173 0.410543 -0.497457 0.565347
24200.000000 8450.000000 -22.556306 -67.891926 -0.800135 0.443385 -0.484939 0.560479 -0.504091
24200.000000 8350.000000 -22.926635 -66.936437 -1.588611 0.440287 -0.465308 0.570516 -0.513953
24200.000000 8550.000000 -19.396660 -70.389705 -0.623934 0.452884 -0.476912 0.561644 -0.502004
24250.000000 8450.000000 -30.783163 -56.855218 0.728336 -0.356706 0.601408 -0.559239 0.445332
24250.000000 8400.000000 -16.944987 -67.651466 -0.376307 0.418355 -0.495175 0.580225 -0.493072
24250.000000 8600.000000 nan nan nan nan nan nan nan
24300.000000 8450.000000 nan nan nan nan nan nan nan
24300.000000 8400.000000 nan nan nan nan nan nan nan
24350.000000 8600.000000 nan nan nan nan nan nan nan
24350.000000 8550.000000 nan nan nan nan nan nan nan
24350.000000 8650.000000 nan nan nan nan nan nan nan
24950.000000 8450.000000 nan nan nan nan nan nan nan
25050.000000 8650.000000 nan nan nan nan nan nan nan
28300.000000 14950.000000 51.610041 -101.647585 28.883255 0.713003 -0.064079 0.121346 -0.687601
28350.000000 14900.000000 43.958974 -94.432500 26.935651 -0.684722 0.124525 -0.211069 0.686366
28400.000000 14350.000000 39.730230 -73.868371 21.188990 0.604268 -0.158801 0.557161 -0.547004
28400.000000 14900.000000 41.871266 -96.719342 27.116889 -0.674932 0.139449 -0.216507 0.691481
28400.000000 14400.000000 45.936899 -92.150289 27.985623 0.686822 -0.109948 0.215014 -0.685533
28450.000000 14500.000000 48.519269 -82.588704 27.023566 -0.665922 0.138319 -0.229979 0.696079
28450.000000 14450.000000 46.785322 -90.045346 27.946994 -0.667521 0.149241 -0.215683 0.696867
28450.000000 14550.000000 45.553708 -91.626376 28.000380 -0.662990 0.156438 -0.224921 0.696694
28500.000000 14550.000000 47.140549 -86.738846 27.731627 -0.660687 0.198450 -0.256964 0.676816
28500.000000 14500.000000 48.439181 -85.680321 27.859570 -0.663650 0.180487 -0.254335 0.679932
28500.000000 14600.000000 44.463511 -88.383963 28.141883 -0.662864 0.200220 -0.249150 0.677088
28550.000000 14600.000000 47.095643 -81.745442 28.135173 -0.646078 0.252841 -0.297112 0.656033
28550.000000 14650.000000 45.263912 -87.494638 30.361066 0.657310 -0.262741 0.270418 -0.652522
28550.000000 14500.000000 48.996177 -82.724646 27.700746 0.658885 -0.212877 0.295998 -0.657981
28600.000000 14600.000000 50.577355 -81.071399 27.626343 -0.636342 0.248107 -0.335119 0.649004
28600.000000 14650.000000 51.407950 -82.650101 28.236704 -0.645844 0.247619 -0.319061 0.647897
28600.000000 14450.000000 49.296617 -83.148334 27.289553 -0.643491 0.246720 -0.319759 0.650233
28650.000000 14600.000000 49.872658 -80.481020 28.438190 -0.619248 0.232781 -0.301715 0.686522
28650.000000 14650.000000 53.665907 -81.161964 28.667498 -0.629186 0.213358 -0.294303 0.687015
28650.000000 14700.000000 54.181730 -79.273322 28.461526 -0.618408 0.221072 -0.310727 0.687129
28700.000000 14650.000000 54.874831 -78.793069 28.438075 -0.638509 0.226386 -0.309396 0.667331
28700.000000 14700.000000 55.113974 -78.555128 28.461083 -0.634025 0.227565 -0.319054 0.666657
28700.000000 14600.000000 53.299422 -78.054757 27.778855 -0.629479 0.225982 -0.322455 0.669859
28750.000000 14650.000000 56.553817 -76.213019 28.464956 -0.656499 0.200347 -0.268408 0.675890
28750.000000 14700.000000 56.790619 -76.254968 28.563167 -0.654275 0.199106 -0.276978 0.674955
28750.000000 14500.000000 54.350532 -79.302410 28.367249 -0.662407 0.176312 -0.270482 0.675996
28800.000000 14700.000000 57.918791 -75.195857 28.657543 -0.651816 0.191884 -0.262983 0.684950
28800.000000 14650.000000 57.047725 -75.019281 28.299910 -0.652049 0.194832 -0.255872 0.686587
28800.000000 14850.000000 58.304761 -76.488062 28.447146 -0.657444 0.164191 -0.242757 0.694174
28850.000000 14700.000000 58.948680 -72.932880 28.542881 -0.652279 0.187227 -0.262190 0.686101
28850.000000 14650.000000 58.326340 -72.877066 28.375330 -0.653784 0.190835 -0.264696 0.682704
28850.000000 14800.000000 58.765968 -73.724004 28.587772 -0.658353 0.177608 -0.260074 0.683658
28900.000000 14850.000000 60.222984 -72.574615 28.345663 -0.666946 0.128861 -0.224604 0.698664
28900.000000 14700.000000 60.301998 -71.566690 28.591189 -0.670727 0.145928 -0.215971 0.694397
28900.000000 14750.000000 60.039367 -71.777607 28.521219 -0.670996 0.148690 -0.227987 0.689694
28950.000000 14700.000000 61.554521 -70.245699 28.297478 0.710516 -0.041357 0.092108 -0.696400
28950.000000 14900.000000 61.036274 -72.942150 28.341194 0.710274 -0.042087 0.098402 -0.695742
28950.000000 14850.000000 61.218191 -70.508901 28.250443 0.712871 -0.037478 0.111496 -0.691360
29000.000000 14950.000000 61.568094 -72.050278 28.727060 0.737061 0.043533 0.005381 -0.674401
29000.000000 14900.000000 61.356323 -69.085888 28.262351 0.727683 0.051174 0.016277 -0.683808
29000.000000 14700.000000 60.248367 -67.807044 27.881396 0.717636 0.021327 0.021656 -0.695755
29050.000000 15000.000000 61.749988 -73.229080 28.310223 0.702610 0.276873 -0.206252 -0.622207
29050.000000 15100.000000 60.732931 -69.241520 28.375426 0.703728 0.258017 -0.217049 -0.625367
29050.000000 15050.000000 61.188175 -67.954357 28.112793 0.694329 0.277839 -0.216826 -0.627454
29100.000000 14150.000000 nan nan nan nan nan nan nan
29100.000000 14300.000000 59.186820 -66.357406 28.403405 0.661065 0.477751 -0.363722 -0.449948
29100.000000 14100.000000 nan nan nan nan nan nan nan
29150.000000 14300.000000 58.007568 -67.038053 27.964256 0.598219 0.628486 -0.359668 -0.343189
29150.000000 14350.000000 60.035034 -65.565625 29.001475 0.612935 0.622549 -0.362090 -0.325013
29150.000000 14150.000000 nan nan nan nan nan nan nan
29200.000000 14100.000000 nan nan nan nan nan nan nan
29200.000000 14300.000000 57.546160 -67.088831 27.706890 0.572589 0.660024 -0.369815 -0.315829
29200.000000 14050.000000 nan nan nan nan nan nan nan
29250.000000 14050.000000 56.719821 -67.289377 26.934757 0.518814 0.672731 -0.412190 -0.329188
29250.000000 14100.000000 nan nan nan nan nan nan nan
29250.000000 14200.000000 nan nan nan nan nan nan nan
29300.000000 14050.000000 nan nan nan nan nan nan nan
29350.000000 14050.000000 55.369164 -67.497705 26.774008 0.470141 0.678128 -0.474473 -0.306571
29350.000000 14000.000000 nan nan nan nan nan nan nan
29400.000000 14000.000000 51.983891 -68.126695 25.794868 0.409737 0.709819 -0.525788 -0.227638
29400.000000 14050.000000 52.860087 -68.690570 26.162796 0.434430 0.702727 -0.500960 -0.257846
30000.000000 26800.000000 39.645972 -81.573670 20.921898 0.168843 0.737931 -0.645941 -0.098545
30000.000000 26850.000000 39.650514 -81.716554 20.886943 0.164324 0.737826 -0.646568 -0.102768
30000.000000 26900.000000 40.196522 -81.532525 20.981582 0.177143 0.732001 -0.649555 -0.104277
30050.000000 26900.000000 39.383681 -83.228861 20.874669 0.109084 0.737866 -0.661684 -0.076351
30050.000000 26850.000000 38.752388 -83.231181 20.771059 0.097018 0.743497 -0.657340 -0.075525
30050.000000 26800.000000 38.623527 -83.148414 20.747426 0.099293 0.742661 -0.658672 -0.068899
30100.000000 26900.000000 38.806210 -85.040148 20.981737 0.141864 0.707198 -0.689453 -0.066341
30100.000000 26950.000000 38.907285 -85.573972 20.836933 0.143063 0.714198 -0.680240 -0.082027
30100.000000 27000.000000 39.234629 -84.515694 20.822732 0.139405 0.707882 -0.688128 -0.077132
30150.000000 26950.000000 37.923956 -87.302919 20.757633 0.074214 0.737472 -0.669858 -0.043783
30150.000000 27000.000000 38.033345 -87.142417 20.768639 0.069223 0.729937 -0.678711 -0.041836
30150.000000 26900.000000 37.881660 -86.775822 20.899803 0.083119 0.725057 -0.682714 -0.035860
30200.000000 27000.000000 37.835054 -89.084987 20.790086 -0.026284 -0.671581 0.740364 -0.012224
30200.000000 27050.000000 37.705881 -89.303442 20.819180 -0.030675 -0.672356 0.739495 -0.011991
30200.000000 26950.000000 37.821610 -88.806876 20.700027 -0.039157 -0.671177 0.740262 -0.000107
30250.000000 27100.000000 37.429280 -90.228874 21.146105 0.014627 -0.639998 0.767860 -0.024077
30250.000000 27050.000000 37.541618 -90.542810 21.286092 0.005037 -0.645552 0.763396 -0.021546
30250.000000 27000.000000 37.537410 -88.777885 20.827160 0.010737 -0.633799 0.773055 -0.023864
30300.000000 27150.000000 37.356831 -91.033199 21.422939 0.037369 -0.628321 0.772420 -0.084757
30300.000000 27100.000000 37.475493 -91.537305 21.687960 0.043864 -0.624552 0.775098 -0.085053
30300.000000 27200.000000 37.414606 -90.796724 21.364208 0.031687 -0.628064 0.773594 -0.078008
30350.000000 27200.000000 37.393474 -92.579683 21.975499 0.027629 -0.645204 0.761000 -0.061867
30350.000000 27150.000000 37.431563 -92.158922 21.935558 0.029824 -0.645603 0.760685 -0.060538
30350.000000 27100.000000 37.475767 -92.132495 21.981055 0.037804 -0.639374 0.765319 -0.063709
30400.000000 27200.000000 37.367045 -93.830964 22.525176 0.025582 -0.653746 0.752510 -0.075434
30400.000000 27250.000000 37.330322 -93.723009 22.484093 0.034495 -0.645182 0.759596 -0.074596
30400.000000 27150.000000 37.448332 -93.209467 22.414037 0.019542 -0.654315 0.752528 -0.072052
30450.000000 27300.000000 37.383558 -94.924537 22.610520 0.055407 -0.602188 0.790789 -0.094619
30450.000000 27250.000000 37.467089 -95.326322 22.755018 0.062604 -0.593990 0.795935 -0.098713
30450.000000 27200.000000 37.838540 -93.015523 22.206677 0.043357 -0.605168 0.790658 -0.082172
30500.000000 27300.000000 37.448572 -96.420605 22.993468 0.057984 -0.611329 0.783132 -0.098077
30500.000000 27350.000000 37.498594 -97.029822 23.110100 0.053445 -0.612611 0.782474 -0.097908
30500.000000 27400.000000 37.476060 -97.160584 23.131416 0.070538 -0.604792 0.786520 -0.103134
30550.000000 27350.000000 37.581300 -97.719474 23.446549 0.077635 -0.619396 0.773753 -0.107826
30550.000000 27400.000000 37.562456 -98.481141 23.750306 0.109923 -0.611460 0.774788 -0.117201
30550.000000 27300.000000 37.499598 -97.086273 23.243307 0.085108 -0.613360 0.776624 -0.115764
30600.000000 27400.000000 37.628700 -99.091219 23.934908 0.125247 -0.598911 0.779098 -0.136474
30600.000000 27450.000000 37.640936 -99.542085 24.021253 0.118781 -0.601631 0.777270 -0.140648
30600.000000 27350.000000 37.461956 -98.803386 23.820865 0.116299 -0.607040 0.773860 -0.138270
30650.000000 27500.000000 37.789926 -100.840121 24.641934 0.130823 -0.595139 0.775428 -0.165549
30650.000000 27450.000000 37.857848 -100.701419 24.603642 0.128999 -0.596762 0.775001 -0.163119
30650.000000 27550.000000 37.729976 -101.250002 24.712158 0.135750 -0.593360 0.774631 -0.171589
30700.000000 27550.000000 38.006837 -102.240578 24.984246 0.149017 -0.601889 0.766893 -0.165525
30700.000000 27500.000000 37.977355 -101.679331 24.853134 0.142836 -0.605196 0.766473 -0.160793
30700.000000 27600.000000 38.019603 -102.252189 24.910344 0.143509 -0.606536 0.765140 -0.161493
30750.000000 27600.000000 38.546518 -103.637424 25.190454 0.173979 -0.585946 0.766763 -0.196147
30750.000000 27650.000000 38.579746 -103.246405 25.115826 0.174615 -0.582662 0.769696 -0.193862
30750.000000 27550.000000 38.422226 -103.192351 25.093956 0.169009 -0.582441 0.768916 -0.202402
30800.000000 27650.000000 39.087113 -104.676717 25.753031 0.183997 -0.578421 0.756226 -0.244329
30800.000000 27700.000000 38.901627 -104.378452 25.701201 0.175570 -0.586853 0.752840 -0.240854
30800.000000 27750.000000 39.047803 -105.257099 25.858588 0.187276 -0.577531 0.755554 -0.246016
30850.000000 27700.000000 39.624257 -105.759969 26.188767 0.211261 -0.580128 0.749989 -0.237354
30850.000000 27750.000000 39.594507 -105.694303 26.156623 0.213323 -0.576635 0.752104 -0.237330
30850.000000 27650.000000 39.350697 -105.269028 26.027290 0.219560 -0.573960 0.752228 -0.237731
30900.000000 27800.000000 40.235254 -106.675202 26.775601 0.280665 -0.562129 0.715380 -0.305728
30900.000000 27700.000000 39.902918 -106.284279 26.560781 0.273799 -0.566729 0.715737 -0.302611
30900.000000 27750.000000 40.274144 -106.619897 26.748105 0.271888 -0.563385 0.719959 -0.300555
30950.000000 27800.000000 40.905130 -107.569124 27.190049 0.294802 -0.539227 0.704652 -0.354671
30950.000000 27700.000000 40.764674 -106.880485 26.792576 0.278885 -0.543694 0.708860 -0.352332
30950.000000 27750.000000 40.908478 -107.483200 27.216120 0.289420 -0.540309 0.708020 -0.350727
31000.000000 27800.000000 41.159981 -108.662580 27.345115 0.310304 -0.540728 0.700292 -0.347730
31000.000000 27750.000000 41.764606 -107.984815 27.246168 0.284566 -0.548260 0.712414 -0.333016
31000.000000 27700.000000 40.471426 -107.601255 26.612730 0.295403 -0.540504 0.705129 -0.351262
31050.000000 27800.000000 42.465451 -108.908525 27.740596 0.232205 -0.571638 0.728533 -0.297575
31050.000000 27750.000000 42.011813 -108.321861 27.230607 0.215819 -0.569257 0.733963 -0.301109
31050.000000 27700.000000 41.968248 -107.613352 26.606641 0.193976 -0.571840 0.734569 -0.309485
31100.000000 27700.000000 41.512330 -107.914073 26.870547 0.177570 -0.621492 0.720282 -0.251815
31100.000000 27750.000000 39.859552 -107.205885 26.784423 0.214994 -0.608581 0.709444 -0.283010
31100.000000 27800.000000 42.320113 -109.220405 27.525592 0.193747 -0.616365 0.721194 -0.249869
31150.000000 27750.000000 39.404127 -107.027441 26.672841 0.257148 -0.640108 0.669934 -0.274453
31150.000000 27700.000000 39.172280 -105.605163 26.040036 0.202357 -0.649913 0.686379 -0.256025
31150.000000 27800.000000 41.388318 -108.974265 27.274367 0.222941 -0.650726 0.680749 -0.251860
31200.000000 27700.000000 39.316176 -105.813600 26.187004 -0.052353 0.733752 -0.657677 0.162259
31200.000000 27750.000000 40.294304 -107.455799 26.468462 0.117206 -0.688753 0.708570 -0.099049
31200.000000 27800.000000 37.596409 -105.019127 27.156370 -0.168231 0.708256 -0.675335 0.118295
38000.000000 8000.000000 -37.822572 -107.518488 -3.312676 0.710943 0.045541 0.077765 -0.697452
38000.000000 9700.000000 -33.887695 -84.557338 -2.173078 0.714594 0.041828 0.128783 -0.686310
38000.000000 8050.000000 -60.389383 -84.354882 -5.306920 0.679710 -0.145249 0.266535 -0.667724
38050.000000 8000.000000 -34.058705 -77.797025 -2.200474 0.726738 0.071536 0.028972 -0.682565
38050.000000 9700.000000 -36.703670 -87.881536 -2.632423 0.712768 0.009905 0.087669 -0.695829
38050.000000 8050.000000 -35.746643 -97.936642 -2.686407 0.711592 0.057908 0.032308 -0.699457
38100.000000 8000.000000 -36.849572 -91.882261 -2.654353 0.715436 0.083614 0.069019 -0.690215
38100.000000 9750.000000 -38.164216 -99.890480 -2.866343 0.709519 0.077126 0.070278 -0.696918
38100.000000 9700.000000 -38.978561 -92.285475 -2.926830 0.710574 0.033878 0.105314 -0.694871
38150.000000 8000.000000 -36.665893 -95.521398 -1.980364 0.725789 0.050562 0.065594 -0.682914
38150.000000 9750.000000 -34.050916 -78.624610 -2.733272 0.715708 0.041777 0.079825 -0.692564
38150.000000 9700.000000 -36.900046 -86.921480 -2.751195 0.718172 0.003160 0.108872 -0.687289
38200.000000 8000.000000 -33.066797 -83.242162 -1.869352 0.732607 0.089099 -0.021867 -0.674441
38200.000000 9700.000000 -38.446366 -91.847159 -2.767689 0.722550 0.005075 0.072514 -0.687486
38200.000000 9750.000000 -34.697571 -81.541758 -2.722890 0.720425 0.038985 0.048795 -0.690715
38250.000000 9700.000000 -38.923338 -90.163389 -2.681031 0.708402 0.045229 0.092278 -0.698288
38250.000000 9750.000000 -33.953752 -76.303174 -2.712652 -0.702284 -0.085062 -0.064712 0.703828
38250.000000 9000.000000 -28.481317 -87.052005 -0.109265 0.706388 0.207752 -0.017238 -0.676431
38300.000000 8000.000000 -37.504187 -78.684920 -2.763099 0.716411 0.063170 0.038624 -0.693738
38300.000000 9100.000000 -33.336330 -88.085123 -1.211641 0.721719 0.141721 -0.014619 -0.677365
38300.000000 9150.000000 -33.671460 -89.469153 -1.418962 0.719361 0.121440 -0.012990 -0.683816
38350.000000 9700.000000 -39.352107 -89.668100 -2.790131 0.713252 0.063530 0.056342 -0.695745
38350.000000 9100.000000 -34.563104 -91.955473 -1.154668 0.721677 0.165063 -0.018848 -0.671998
38350.000000 8000.000000 -34.832134 -76.926242 -2.634757 0.717703 0.110196 0.012464 -0.687462
38400.000000 8000.000000 -35.324433 -73.084464 -3.036629 0.738927 0.081993 0.082137 -0.663715
38400.000000 9700.000000 -38.863727 -86.944547 -2.884978 0.736813 0.051234 0.083191 -0.669000
38400.000000 9750.000000 -35.758015 -79.279982 -2.957099 0.731823 0.069438 0.071366 -0.674181
38450.000000 9700.000000 -39.794756 -85.609796 -3.245275 0.721079 0.045405 0.082854 -0.686381
38450.000000 8000.000000 -35.423909 -73.917692 -2.900438 0.729664 0.084756 0.066754 -0.675241
38450.000000 9750.000000 -35.312381 -77.229446 -2.893244 0.720542 0.071986 0.062208 -0.686853
38500.000000 9700.000000 -37.192886 -79.592277 -2.894663 -0.704339 -0.040404 -0.078100 0.704397
38500.000000 8000.000000 -37.943279 -83.399020 -2.945445 0.707787 0.082459 0.039036 -0.700510
38500.000000 9750.000000 -35.498083 -75.771997 -2.976250 -0.698719 -0.053796 -0.064633 0.710436
38550.000000 9700.000000 -38.627229 -81.284496 -3.059735 0.712256 0.075901 0.055763 -0.695573
38550.000000 8000.000000 -38.537340 -81.973921 -3.177489 0.714025 0.108559 0.030248 -0.690991
38550.000000 9250.000000 -34.390021 -79.561286 -2.272069 0.727004 0.087871 0.023083 -0.680596
38600.000000 9700.000000 -40.840105 -81.158269 -3.134778 0.707410 0.055724 0.063241 -0.701759
38600.000000 9200.000000 -32.911526 -74.602762 -2.035522 0.719194 0.111735 0.002096 -0.685763
38600.000000 9250.000000 -33.597511 -76.160607 -2.306756 0.719855 0.100407 0.001263 -0.686823
38650.000000 9700.000000 -40.335397 -78.094358 -3.015876 0.725682 0.036197 0.054993 -0.684874
38650.000000 8000.000000 -44.328613 -84.799593 -2.962355 0.732301 0.074585 0.032165 -0.676120
38650.000000 9750.000000 -38.252533 -76.764264 -3.030564 0.723560 0.074687 0.028818 -0.685604
38700.000000 9700.000000 -34.732474 -75.757240 -2.526621 0.717779 0.094772 0.034625 -0.688921
38700.000000 9600.000000 -30.043038 -71.035856 -2.225242 0.711669 0.079920 0.027651 -0.697406
38700.000000 9350.000000 -35.212396 -74.627185 -2.743926 0.723374 0.103184 -0.014124 -0.682557
38750.000000 9700.000000 -36.783133 -73.544217 -3.148844 -0.702897 -0.053436 -0.020336 0.708990
38750.000000 9600.000000 -30.582273 -70.227228 -2.275296 -0.705325 -0.059124 -0.016409 0.706223
38750.000000 9400.000000 -34.283085 -70.751671 -2.415276 0.717616 0.080899 -0.011637 -0.691626
38800.000000 9700.000000 -39.865818 -78.794083 -3.943581 0.716028 0.135088 -0.006321 -0.684847
38800.000000 9600.000000 -29.474833 -69.520363 -2.168146 0.721980 0.109850 -0.000568 -0.683138
38800.000000 9400.000000 -36.421801 -70.081594 -2.505499 0.735556 0.124826 -0.011637 -0.665763
38850.000000 9700.000000 -35.958360 -72.057676 -3.131756 -0.695886 -0.100985 -0.010555 0.710938
38850.000000 9600.000000 -30.072867 -69.160862 -2.321192 -0.696887 -0.091748 0.000526 0.711288
38850.000000 9650.000000 -38.358613 -70.487847 -3.827671 -0.692372 -0.090133 0.013484 0.715762
38900.000000 9700.000000 -34.572748 -70.053236 -2.962644 -0.688366 -0.103757 -0.003149 0.717898
38900.000000 9600.000000 -30.580599 -68.392915 -2.394790 -0.689735 -0.086692 0.005325 0.718833
38900.000000 9650.000000 -36.564752 -68.365192 -3.489321 -0.684807 -0.082350 0.018480 0.723821
38950.000000 9700.000000 -33.859982 -69.105120 -2.878653 -0.691710 -0.108480 -0.025623 0.713522
38950.000000 9600.000000 -30.534117 -68.031563 -2.415516 -0.692966 -0.083389 -0.026049 0.715658
38950.000000 9650.000000 -38.560478 -66.310331 -3.503082 -0.694754 -0.097378 -0.023084 0.712251
39000.000000 9700.000000 -34.608704 -68.082710 -2.859207 -0.702965 -0.062086 -0.068993 0.705142
39000.000000 9600.000000 -30.766818 -67.801173 -2.139715 0.703051 0.063700 0.102079 -0.700887
39000.000000 9650.000000 -34.489174 -66.444835 -2.920190 -0.702279 -0.054236 -0.050208 0.708054
39050.000000 9700.000000 -36.285825 -65.523188 -3.001244 -0.701063 -0.042126 -0.028460 0.711285
39050.000000 9600.000000 -30.420499 -68.079048 -2.441781 -0.694559 -0.031220 -0.036259 0.717843
39050.000000 9650.000000 -33.559816 -65.805141 -2.645195 -0.699183 -0.049615 -0.031905 0.712505
39100.000000 9700.000000 -35.135537 -65.770534 -2.960169 -0.699262 -0.041870 -0.032725 0.712887
39100.000000 9600.000000 -28.026927 -72.919246 -1.430593 0.712399 0.019077 0.000268 -0.701515
39100.000000 9650.000000 -34.345563 -64.642789 -2.702062 -0.697414 -0.022727 -0.060605 0.713740
39150.000000 9700.000000 -31.025526 -69.154148 -2.379499 0.708533 0.008292 0.103182 -0.698044
39150.000000 8000.000000 nan nan nan nan nan nan nan
39150.000000 9750.000000 -31.873274 -66.345098 -2.715735 0.708969 0.103519 -0.158566 -0.679340
39200.000000 9700.000000 -37.052843 -59.093568 -3.733436 -0.683941 0.025153 -0.112366 0.720393
39200.000000 8000.000000 nan nan nan nan nan nan nan
39200.000000 9750.000000 -32.616665 -73.932039 -1.287342 0.726355 0.050692 0.055136 -0.683227
39250.000000 9700.000000 -52.703328 -51.359016 -5.011595 -0.693912 0.045034 -0.140462 0.704790
39250.000000 8000.000000 -31.828529 -53.350356 -2.974363 -0.700857 -0.079550 -0.044431 0.707458
39250.000000 9750.000000 -33.342372 -70.886478 -2.178161 0.725736 -0.047132 -0.003694 -0.686347
39300.000000 9700.000000 -30.994111 -69.556707 -2.347273 -0.699770 -0.016248 -0.071402 0.710605
39300.000000 8000.000000 nan nan nan nan nan nan nan
39300.000000 9750.000000 -34.856099 -71.349690 -2.554220 -0.700204 -0.011558 -0.042762 0.712567
39350.000000 9700.000000 -30.938325 -71.041543 -2.238209 0.712423 0.052296 0.045162 -0.698341
39350.000000 8000.000000 nan nan nan nan nan nan nan
39350.000000 9750.000000 -33.685884 -67.304964 -2.603070 0.710709 0.066266 0.044803 -0.698923
39400.000000 9700.000000 -30.910832 -69.768411 -2.302445 0.713271 0.032608 0.037711 -0.699113
39400.000000 8000.000000 nan nan nan nan nan nan nan
39400.000000 9750.000000 -40.076080 -50.666709 -2.489053 0.362278 -0.610086 0.704577 0.011012
39450.000000 9700.000000 -30.541786 -69.663317 -2.308975 0.714160 0.041706 0.049610 -0.696976
39450.000000 8000.000000 nan nan nan nan nan nan nan
39450.000000 9750.000000 nan nan nan nan nan nan nan
39500.000000 9700.000000 -30.640452 -68.310671 -2.379532 -0.644908 0.124992 0.096839 0.747725
39500.000000 9750.000000 -32.916619 -69.651592 -2.380152 0.719606 0.064392 0.026611 -0.690879
39500.000000 8000.000000 nan nan nan nan nan nan nan
39550.000000 9700.000000 nan nan nan nan nan nan nan
39550.000000 8000.000000 -29.004562 -72.259603 6.638024 0.624375 -0.413265 -0.441381 -0.494520
39550.000000 9750.000000 -32.919265 -66.955939 -2.596528 0.707012 0.034415 -0.022102 -0.706017
39600.000000 9700.000000 nan nan nan nan nan nan nan
39600.000000 8000.000000 nan nan nan nan nan nan nan
39600.000000 9750.000000 -33.818368 -67.129884 -2.306130 0.718767 -0.003057 0.037572 -0.694229
39650.000000 9700.000000 -30.421262 -67.014297 -2.100224 0.718458 0.065950 0.033097 -0.691645
39650.000000 8000.000000 nan nan nan nan nan nan nan
39650.000000 9750.000000 -32.634482 -67.571964 -2.637744 0.710961 0.096128 0.015293 -0.696463
39700.000000 9700.000000 -40.426683 8.360937 -5.188734 0.686522 0.000119 0.175802 0.705536
39700.000000 8000.000000 nan nan nan nan nan nan nan
39700.000000 9750.000000 nan nan nan nan nan nan nan
39750.000000 9700.000000 -31.482016 79.880128 -5.349349 0.705780 -0.084373 0.048166 0.701738
39750.000000 9750.000000 -32.484794 -68.922073 -2.513158 0.708436 0.102018 0.053754 -0.696291
39750.000000 8000.000000 nan nan nan nan nan nan nan
39800.000000 9750.000000 -32.781540 -67.069809 -2.572981 0.707324 0.063282 0.028464 -0.703475
39800.000000 9700.000000 nan nan nan nan nan nan nan
39800.000000 8000.000000 nan nan nan nan nan nan nan
39850.000000 9700.000000 nan nan nan nan nan nan nan
39850.000000 9750.000000 nan nan nan nan nan nan nan
39850.000000 8000.000000 nan nan nan nan nan nan nan
39900.000000 9750.000000 nan nan nan nan nan nan nan
39900.000000 9700.000000 nan nan nan nan nan nan nan
39900.000000 8000.000000 nan nan nan nan nan nan nan
39950.000000 8000.000000 nan nan nan nan nan nan nan
39950.000000 9700.000000 -32.919469 -24.069385 -1.612644 0.729913 -0.017271 0.090846 0.677257
39950.000000 9650.000000 nan nan nan nan nan nan nan
42000.000000 41950.000000 -2.321224 14.590478 -0.730641 0.067155 0.716123 -0.692510 -0.055575
42000.000000 41900.000000 -2.299381 15.666878 -0.743613 0.058025 0.711825 -0.698847 -0.039377
42000.000000 41850.000000 -0.582458 20.115768 -0.713191 0.075002 0.712133 -0.694387 -0.071191
42050.000000 41950.000000 -2.836654 12.944329 -0.783800 0.071973 0.713058 -0.696529 -0.034873
42050.000000 41900.000000 -3.711337 13.944004 -0.527111 0.060059 0.716466 -0.694898 -0.013601
42050.000000 41850.000000 -0.532398 19.378759 -0.645990 0.090955 0.713902 -0.692066 -0.055819
42100.000000 41950.000000 -3.501941 10.490629 -0.782704 -0.011798 0.709075 -0.704678 0.022428
42100.000000 41850.000000 -2.456896 14.192319 -0.666870 -0.010242 0.712826 -0.700791 0.025830
42100.000000 41900.000000 -3.973612 9.996614 -0.757518 -0.019147 0.707477 -0.705625 0.034682
42150.000000 41850.000000 -1.578084 16.237539 -0.670172 -0.052448 0.713755 -0.694298 0.075848
42150.000000 41950.000000 -2.640866 12.264937 -0.766537 -0.049547 0.709750 -0.699007 0.072036
42150.000000 41750.000000 -3.318247 11.283754 -1.030188 0.033267 -0.702555 0.708801 -0.053944
42200.000000 41800.000000 -2.683798 11.031977 -0.779382 0.129580 -0.684540 0.700990 -0.152407
42200.000000 41750.000000 -0.788489 21.413449 -0.665411 0.111777 -0.686002 0.708417 -0.122689
42200.000000 41950.000000 -1.775444 14.845047 -0.598929 -0.060509 0.707842 -0.689542 0.140818
42250.000000 41800.000000 -1.546456 8.692414 -1.178470 0.165008 -0.662620 0.697022 -0.218785
42250.000000 41750.000000 nan nan nan nan nan nan nan
42250.000000 41950.000000 nan nan nan nan nan nan nan
42350.000000 41700.000000 nan nan nan nan nan nan nan
42350.000000 41800.000000 nan nan nan nan nan nan nan
