4000.000000 40850.000000 -34.507531 23.852707 -5.156130 0.719995 0.034862 0.085578 -0.687799
4000.000000 40800.000000 -34.524431 24.126567 -5.158030 0.717168 0.034782 0.090440 -0.690131
4000.000000 40750.000000 -34.388160 23.928815 -5.194165 0.722800 0.034464 0.086705 -0.684729
4050.000000 40850.000000 -34.227451 26.078138 -5.214460 0.706577 0.021623 0.100688 -0.700103
4050.000000 40900.000000 -34.405094 25.698832 -5.090542 0.707140 0.017496 0.102433 -0.699396
4050.000000 40800.000000 -34.117851 26.085594 -5.106479 0.704478 0.021862 0.102317 -0.701972
4100.000000 40850.000000 -34.347740 28.237433 -5.154734 0.705443 0.003392 0.098938 -0.701819
4100.000000 40800.000000 -33.690624 28.100794 -5.011425 0.703963 0.011590 0.096666 -0.703532
4100.000000 40900.000000 -32.200704 26.673639 -4.736923 0.709745 0.029230 0.074079 -0.699942
4150.000000 40850.000000 -34.048653 30.406636 -5.117503 0.711675 -0.036368 0.114946 -0.692086
4150.000000 40900.000000 -31.819259 29.021800 -4.753968 0.716867 -0.006485 0.092037 -0.691079
4150.000000 40750.000000 -33.817305 30.393343 -5.101029 0.715661 -0.035372 0.113733 -0.688217
4200.000000 40900.000000 -33.280863 32.529836 -5.090375 0.703662 -0.095170 0.182095 -0.680179
4200.000000 40850.000000 -33.085674 32.711628 -5.113086 0.704869 -0.090827 0.176411 -0.681020
4200.000000 40950.000000 -33.527637 32.391694 -4.998491 0.703595 -0.099695 0.179080 -0.680401
4250.000000 40950.000000 -32.284683 34.696527 -4.984797 -0.676531 0.151718 -0.228386 0.683467
4250.000000 40900.000000 -31.942391 34.760937 -5.042424 -0.677372 0.144993 -0.230378 0.683425
4250.000000 40850.000000 -31.948343 34.894406 -5.014905 -0.679630 0.143158 -0.225473 0.683206
4300.000000 41000.000000 -31.287823 36.404755 -5.039880 0.678093 -0.188453 0.305350 -0.641434
4300.000000 40950.000000 -30.748882 36.792909 -5.000785 0.674357 -0.195726 0.304745 -0.643479
4300.000000 40900.000000 -28.985222 34.622272 -4.932596 0.687787 -0.151129 0.278344 -0.653172
4350.000000 41000.000000 -29.045025 38.035062 -4.929042 0.629610 -0.295536 0.379466 -0.610128
4350.000000 41050.000000 -29.274007 37.705857 -4.944819 0.628232 -0.294691 0.382772 -0.609891
4350.000000 40950.000000 -28.250842 37.237098 -4.868613 0.634392 -0.288226 0.365935 -0.616899
4400.000000 41050.000000 -26.749590 39.445355 -4.776127 -0.573199 0.361530 -0.437638 0.590941
4400.000000 41100.000000 -27.249028 38.862479 -4.487394 0.591093 -0.352597 0.435122 -0.580477
4400.000000 41000.000000 -26.610822 39.011143 -4.549938 -0.586116 0.352283 -0.430485 0.589108
4450.000000 41100.000000 -24.895827 39.338163 -4.226021 0.552275 -0.438705 0.456688 -0.542187
4450.000000 41050.000000 -24.519064 38.996424 -4.462027 -0.544651 0.436621 -0.452001 0.555349
4450.000000 41150.000000 -25.187787 38.857238 -4.420426 0.552723 -0.427122 0.454989 -0.552312
4500.000000 41200.000000 -22.965645 39.017525 -4.043516 0.488176 -0.479114 0.531615 -0.499519
4500.000000 41150.000000 -22.891702 38.985623 -4.027573 0.490309 -0.479063 0.531848 -0.497225
4500.000000 41250.000000 -23.351942 39.232882 -4.017950 0.490812 -0.482371 0.530883 -0.494556
4550.000000 41250.000000 -21.007259 38.403937 -3.705095 0.417959 -0.550357 0.575928 -0.436720
4550.000000 41200.000000 -21.909427 39.618551 -3.584101 0.416810 -0.552201 0.577360 -0.433589
4550.000000 41300.000000 -21.314488 38.709799 -3.794031 0.417325 -0.548224 0.579061 -0.435866
4600.000000 41250.000000 -19.360891 37.799824 -3.380976 0.408792 -0.564095 0.597041 -0.397779
4600.000000 41300.000000 -19.400570 37.953309 -3.451503 0.408379 -0.561561 0.600650 -0.396352
4600.000000 41200.000000 -20.115639 39.047670 -3.108307 0.402479 -0.569783 0.594189 -0.400372
4650.000000 41250.000000 -17.504002 36.942235 -3.018251 0.374347 -0.593971 0.602507 -0.379538
4650.000000 41300.000000 -17.414110 36.981263 -3.107333 0.374873 -0.590327 0.608263 -0.375499
4650.000000 41350.000000 -17.327837 37.013813 -3.146126 0.375223 -0.587446 0.610233 -0.376472
4700.000000 41350.000000 -15.280594 35.888476 -2.813330 0.367975 -0.588739 0.606832 -0.386956
4700.000000 41300.000000 -15.504186 35.899643 -2.795167 0.371426 -0.589248 0.604646 -0.386307
4700.000000 41400.000000 -15.230672 35.505731 -2.756126 0.374436 -0.593011 0.601052 -0.383240
4750.000000 41350.000000 -13.465710 34.949449 -2.471189 0.359565 -0.578142 0.622993 -0.385156
4750.000000 41400.000000 -13.494554 34.475827 -2.519436 0.366522 -0.581585 0.617518 -0.382219
4750.000000 41450.000000 -13.400887 34.587025 -2.579639 0.363832 -0.576170 0.622037 -0.385649
4800.000000 41400.000000 -11.949831 33.540306 -2.254889 0.369963 -0.582343 0.605109 -0.397299
4800.000000 41450.000000 -11.614420 33.551110 -2.321411 0.367543 -0.575758 0.612348 -0.398051
4800.000000 41350.000000 -11.614394 33.868790 -2.180342 0.362154 -0.578641 0.612843 -0.398049
4850.000000 41450.000000 -9.919835 32.573997 -2.045436 0.388180 -0.571176 0.608302 -0.391207
4850.000000 41500.000000 -9.820497 32.471514 -2.070631 0.388277 -0.573399 0.609865 -0.385381
4850.000000 41400.000000 -10.028132 32.365390 -2.085713 0.392195 -0.574973 0.602647 -0.390393
4900.000000 41500.000000 -7.967449 31.540093 -1.805691 0.364109 -0.599554 0.607619 -0.372503
4900.000000 41450.000000 -7.900705 31.597503 -1.795284 0.363939 -0.596370 0.607414 -0.378073
4900.000000 41550.000000 -7.808877 31.507387 -1.801600 0.367853 -0.598021 0.607310 -0.371793
4950.000000 41550.000000 -6.123492 30.482552 -1.546317 0.373505 -0.599301 0.607716 -0.363336
4950.000000 41500.000000 -6.265743 30.494364 -1.546755 0.369323 -0.600961 0.608023 -0.364355
4950.000000 41600.000000 -6.176482 30.593418 -1.558296 0.372233 -0.597911 0.609620 -0.363744
5000.000000 41600.000000 -4.465083 29.548540 -1.301470 0.344301 -0.606719 0.617421 -0.363512
5000.000000 41550.000000 -4.377257 29.463190 -1.321302 0.345712 -0.607677 0.617312 -0.360746
5000.000000 41650.000000 -4.402566 29.633162 -1.344675 0.339796 -0.604602 0.621010 -0.365160
5050.000000 41650.000000 -2.716427 28.417842 -1.101664 0.338402 -0.608427 0.636287 -0.332326
5050.000000 41600.000000 -2.793065 28.375619 -1.091369 0.341951 -0.610682 0.633147 -0.330548
5050.000000 41550.000000 -2.760850 28.311109 -1.125396 0.343689 -0.611353 0.632571 -0.328603
5100.000000 41650.000000 -1.106986 26.973396 -0.828257 0.230920 -0.644856 0.668568 -0.289573
5100.000000 41700.000000 -1.182952 27.108504 -0.846946 0.229147 -0.642803 0.674136 -0.282552
5100.000000 41600.000000 -1.127343 26.915996 -0.853858 0.236389 -0.646229 0.667476 -0.284577
5150.000000 41700.000000 -0.180057 25.008096 -0.712509 0.127929 -0.684204 0.700659 -0.156766
5150.000000 41750.000000 -0.274799 25.399115 -0.738580 0.136600 -0.684625 0.698102 -0.159004
5150.000000 41650.000000 -0.119961 24.993939 -0.704446 0.132685 -0.687113 0.695280 -0.163875
5200.000000 41750.000000 0.005417 23.072412 -0.685683 -0.022264 -0.706195 0.706803 -0.034963
5200.000000 41800.000000 -0.040087 23.141588 -0.653535 0.016171 0.708998 -0.704143 0.035255
5200.000000 41850.000000 0.018955 23.130069 -0.647819 0.020553 0.708779 -0.704327 0.033654
5250.000000 41800.000000 -0.245504 21.074437 -0.658226 0.047542 0.715888 -0.696221 -0.022817
5250.000000 41850.000000 -0.196021 21.008156 -0.656727 0.052427 0.715717 -0.695938 -0.025897
5250.000000 41750.000000 -0.230117 20.955046 -0.673687 0.055230 0.713316 -0.698319 -0.021925
5300.000000 41850.000000 -0.577651 18.980300 -0.660749 0.101468 0.708033 -0.696441 -0.057999
5300.000000 41900.000000 -0.580106 18.979102 -0.682750 0.097441 0.704901 -0.700653 -0.052006
5300.000000 41800.000000 -0.586086 19.033063 -0.657657 0.097115 0.708428 -0.696770 -0.056658
5350.000000 41900.000000 -1.128603 17.001598 -0.697423 0.090347 0.715889 -0.689866 -0.058524
5350.000000 41950.000000 -1.133096 16.954337 -0.713808 0.089660 0.716304 -0.689199 -0.062242
5350.000000 41850.000000 -1.163793 17.024965 -0.718474 0.094156 0.718479 -0.686210 -0.063553
5400.000000 41950.000000 -1.864556 14.921702 -0.691977 -0.142856 -0.677448 0.716628 0.084265
5400.000000 41900.000000 -1.827821 14.915113 -0.670634 -0.144066 -0.677251 0.716717 0.083024
5400.000000 41850.000000 -1.932412 14.836541 -0.697413 -0.146875 -0.680309 0.712648 0.087977
5450.000000 41950.000000 -2.496154 13.078998 -0.683754 0.126030 0.719026 -0.681606 -0.050306
5450.000000 41900.000000 -2.491174 13.006632 -0.651375 0.124694 0.719182 -0.681708 -0.050028
5450.000000 41850.000000 -2.521383 13.019890 -0.676152 0.127639 0.723107 -0.676474 -0.056640
5500.000000 41950.000000 -2.884037 11.151063 -0.691284 0.020959 0.711980 -0.701860 0.006163
5500.000000 41850.000000 -3.035452 11.233289 -0.731793 0.024894 0.715266 -0.698366 0.007754
5500.000000 41800.000000 -2.922872 11.385571 -0.711435 0.021923 0.715745 -0.697993 0.005831
5550.000000 41750.000000 -2.505929 9.238710 -1.261638 0.147201 -0.663779 0.708583 -0.188783
5550.000000 41800.000000 -2.802790 10.172156 -0.782279 0.165897 -0.674806 0.697813 -0.173698
5550.000000 41850.000000 -1.484380 9.174860 -0.312749 0.144224 -0.680151 0.699369 -0.165760
5600.000000 41700.000000 nan nan nan nan nan nan nan
5850.000000 41800.000000 -0.258514 15.195463 1.248297 -0.054202 0.752934 -0.644234 0.122943
5850.000000 41750.000000 3.611956 1.947975 1.044931 -0.039095 0.718862 -0.690870 0.066394
5850.000000 41950.000000 0.198067 11.708762 -0.296759 -0.015783 0.710754 -0.701952 0.042938
5900.000000 41800.000000 0.486739 14.630984 -0.474313 0.036982 0.713522 -0.699605 -0.008486
5900.000000 41950.000000 0.113211 11.803939 -0.397371 0.070211 0.715035 -0.694047 -0.045755
5900.000000 41900.000000 0.708594 12.744167 -0.196646 0.069756 0.718711 -0.689846 -0.051974
5950.000000 41850.000000 0.989884 12.211835 -0.084595 0.143869 0.705449 -0.686135 -0.104222
5950.000000 41800.000000 -0.604919 20.422577 -0.657254 -0.079810 -0.698897 0.710535 0.017715
5950.000000 41950.000000 -0.136896 10.163681 -0.272593 0.136270 0.698410 -0.697078 -0.087953
6000.000000 600.000000 3.550636 -4.927828 0.493293 0.137519 0.712026 -0.683541 -0.082942
6000.000000 650.000000 3.615742 -5.011861 0.502033 0.137774 0.709442 -0.686314 -0.081750
6000.000000 700.000000 3.452318 -5.199988 0.492118 0.132230 0.713991 -0.682219 -0.085501
6000.000000 8900.000000 9.195551 -6.980724 1.522462 0.157293 0.714061 -0.673789 -0.106697
6000.000000 8800.000000 -29.313974 -44.454550 -2.867625 0.091199 0.711189 -0.696926 -0.013653
6000.000000 9000.000000 20.671657 -3.841367 3.289552 0.188332 0.710234 -0.666312 -0.126994
6050.000000 650.000000 2.938005 -6.905418 0.482142 0.108393 0.721208 -0.682269 -0.051174
6050.000000 700.000000 2.815119 -7.038020 0.426447 0.101661 0.725465 -0.678354 -0.056582
6050.000000 750.000000 2.928996 -6.972950 0.408351 0.106517 0.721745 -0.681883 -0.052670
6050.000000 8850.000000 1.924942 -4.096931 1.143127 0.097829 0.727957 -0.677192 -0.043796
6050.000000 9000.000000 19.970938 -5.928634 0.830636 0.155844 0.717377 -0.670634 -0.106460
6050.000000 8950.000000 11.403735 -9.712903 0.988607 0.140561 0.723185 -0.668873 -0.099271
6100.000000 750.000000 2.315626 -8.926690 0.399812 0.120195 0.725039 -0.674090 -0.073983
6100.000000 700.000000 2.215690 -8.980413 0.385504 0.115888 0.728193 -0.670941 -0.078378
6100.000000 650.000000 2.285583 -8.980122 0.465530 0.122750 0.724449 -0.674500 -0.071802
6100.000000 8850.000000 1.442087 -7.053678 0.355075 0.111048 0.728177 -0.672954 -0.067520
6100.000000 8950.000000 9.494020 -11.793159 2.420758 0.157735 0.728334 -0.658132 -0.107288
6100.000000 9000.000000 37.506527 -14.040660 7.560354 0.245873 0.715714 -0.632760 -0.164055
6150.000000 800.000000 1.452501 -10.934896 0.369261 0.143954 0.721764 -0.672243 -0.080154
6150.000000 750.000000 1.479535 -10.871615 0.350005 0.148919 0.720084 -0.673257 -0.077632
6150.000000 850.000000 1.470704 -11.006974 0.309573 0.146619 0.717756 -0.676388 -0.076346
6150.000000 8850.000000 0.363706 -9.352817 -0.195322 0.137609 0.721179 -0.675257 -0.070663
6150.000000 8950.000000 8.330582 -12.977410 2.556437 0.179780 0.724938 -0.655707 -0.110422
6150.000000 9000.000000 14.138228 -10.287210 2.783933 0.191745 0.720706 -0.656619 -0.112557
6200.000000 800.000000 0.705208 -12.714628 0.304103 0.092353 0.740310 -0.663768 -0.053148
6200.000000 850.000000 0.748317 -12.777577 0.273522 0.095504 0.736132 -0.668158 -0.050543
6200.000000 750.000000 0.734351 -12.635886 0.269211 0.097327 0.738177 -0.665491 -0.052376
6200.000000 8950.000000 7.381892 -15.043429 0.276074 0.121261 0.740302 -0.654197 -0.096307
6200.000000 8800.000000 -10.745440 -3.199680 -0.338205 0.020474 0.746875 -0.664647 0.001700
6200.000000 8900.000000 4.089458 -14.379700 0.838576 0.109240 0.743412 -0.655895 -0.072159
6250.000000 850.000000 0.154629 -14.873061 0.269621 0.125217 0.723118 -0.677218 -0.052882
6250.000000 900.000000 0.232657 -14.738247 0.335825 0.117700 0.727797 -0.672899 -0.060540
6250.000000 950.000000 0.199482 -14.923656 0.197504 0.122822 0.724519 -0.675524 -0.060448
6250.000000 8850.000000 -2.562811 -10.816871 -0.017366 0.097353 0.730013 -0.675184 -0.041586
6250.000000 9000.000000 11.362165 -13.780457 0.020748 0.150062 0.724162 -0.665205 -0.102832
6250.000000 8800.000000 -42.499206 -6.416949 -4.761862 -0.116630 0.709949 -0.681564 0.133569
6300.000000 950.000000 -0.383484 -16.884914 0.158030 0.089568 0.720089 -0.687269 -0.033340
6300.000000 1000.000000 -0.412413 -17.017019 0.200422 0.080068 0.725570 -0.682601 -0.034540
6300.000000 900.000000 -0.364801 -16.782837 0.204875 0.082917 0.721531 -0.686548 -0.034206
6300.000000 8800.000000 -4.237297 -10.962222 -0.161687 0.054385 0.727908 -0.683458 -0.008818
6300.000000 8850.000000 -3.372097 -11.428338 -0.076755 0.060282 0.725360 -0.685627 -0.011605
6300.000000 8900.000000 -1.764731 -15.043785 1.493415 0.077836 0.732896 -0.675424 -0.024658
6350.000000 1000.000000 -1.020705 -19.017609 0.122583 0.097262 0.726950 -0.677693 -0.053066
6350.000000 950.000000 -1.057674 -18.946581 0.089545 0.106077 0.721103 -0.682774 -0.050784
6350.000000 1050.000000 -0.997841 -18.983455 0.078013 0.102814 0.722662 -0.681301 -0.054934
6350.000000 8850.000000 -3.665052 -14.308541 0.362292 0.079930 0.728862 -0.679254 -0.031390
6350.000000 8800.000000 -14.973108 -7.171141 -2.007864 0.006257 0.726996 -0.686308 0.020454
6350.000000 8950.000000 -9.703235 -20.224798 -1.104378 0.067914 0.724957 -0.684566 -0.034568
6400.000000 1050.000000 -1.508331 -20.952007 0.095382 0.108028 0.715833 -0.688120 -0.049029
6400.000000 1100.000000 -1.516236 -21.022467 0.120159 0.104652 0.718190 -0.685968 -0.051951
6400.000000 1000.000000 -1.487607 -20.952859 0.096457 0.102994 0.719506 -0.685218 -0.046687
6400.000000 8850.000000 -6.180182 -15.136128 -0.946710 0.066760 0.718838 -0.691749 -0.017307
6400.000000 8800.000000 -17.709464 -9.072952 -0.735975 -0.002096 0.726855 -0.685541 0.041372
6400.000000 8950.000000 -1.597033 -24.156121 -0.176692 0.114962 0.719958 -0.680434 -0.073856
6450.000000 1100.000000 -1.957060 -22.948528 0.122629 0.100422 0.724022 -0.680899 -0.045640
6450.000000 1150.000000 -1.944527 -23.079339 0.081182 0.108571 0.721919 -0.681859 -0.045974
6450.000000 1050.000000 -1.999041 -22.906179 0.097977 0.102359 0.721447 -0.683688 -0.040111
6450.000000 8800.000000 -37.974344 -21.263593 -4.511553 -0.132753 0.695383 -0.687058 0.163619
6450.000000 8850.000000 -7.384802 -15.134783 0.815548 0.053976 0.734123 -0.676863 -0.002582
6450.000000 8950.000000 -13.427405 -19.139874 -2.556111 0.030001 0.721233 -0.692039 -0.002179
6500.000000 1150.000000 -2.359294 -24.990788 0.078073 0.091601 0.707741 -0.699483 -0.037887
6500.000000 1100.000000 -2.351805 -24.933276 0.093312 0.082672 0.709444 -0.698880 -0.037713
6500.000000 1200.000000 -2.307634 -24.831212 0.099965 0.082281 0.706963 -0.701686 -0.032704
6500.000000 8800.000000 -35.943163 -28.846488 -4.726174 0.144822 -0.666188 0.705666 -0.193015
6500.000000 8850.000000 -1.551625 -25.060615 0.571696 0.077660 0.714119 -0.694222 -0.045374
6500.000000 8950.000000 -23.125302 -45.160531 -2.223731 -0.051289 -0.701719 0.710129 0.026017
6550.000000 1200.000000 -2.765219 -26.916959 0.129165 0.073278 0.721219 -0.688202 -0.029179
6550.000000 1150.000000 -2.841106 -27.070553 0.061809 0.084685 0.721102 -0.686774 -0.034383
6550.000000 1250.000000 -2.757217 -26.973269 0.087786 0.073284 0.721197 -0.688251 -0.028527
6550.000000 8800.000000 -35.709631 -27.473977 -6.252010 0.157980 -0.671037 0.701043 -0.182456
6550.000000 8850.000000 -1.874783 -24.621982 -0.629503 0.073693 0.718888 -0.690695 -0.026660
6550.000000 8950.000000 -24.892763 -46.694622 -2.144593 -0.003815 0.719679 -0.693499 0.033274
6600.000000 1250.000000 -3.008383 -29.104273 0.259121 0.100531 0.743137 -0.661252 -0.019673
6600.000000 1300.000000 -2.991148 -29.151675 0.181140 0.101699 0.739750 -0.664822 -0.020940
6600.000000 1200.000000 -3.034411 -29.111948 0.265307 0.098600 0.742376 -0.662342 -0.021436
6600.000000 8950.000000 -24.807632 -45.566360 -2.222542 -0.007933 0.738304 -0.671661 0.060950
6600.000000 8800.000000 -29.715545 -28.387138 -2.237111 -0.079888 0.728941 -0.654609 0.183712
6650.000000 1300.000000 -3.484073 -31.261081 0.217996 0.124994 0.726620 -0.673764 -0.049413
6650.000000 1250.000000 -3.502010 -31.238643 0.264254 0.122584 0.730144 -0.670454 -0.048512
6650.000000 1350.000000 -3.463245 -31.152782 0.228192 0.121202 0.732852 -0.667534 -0.051341
6650.000000 8800.000000 -32.253592 -39.175939 -4.374717 0.142923 -0.687841 0.700226 -0.127011
6650.000000 8950.000000 -14.258237 -25.684104 -1.020238 0.050626 0.736287 -0.674772 -0.001313
6650.000000 8850.000000 -1.667712 -31.247073 0.131327 0.134267 0.729197 -0.668238 -0.060846
6700.000000 1350.000000 -4.181806 -33.079651 0.184740 0.131816 0.725640 -0.673264 -0.052791
6700.000000 1300.000000 -4.208138 -33.232296 0.201445 0.135487 0.718635 -0.680019 -0.052731
6700.000000 1400.000000 -4.186188 -33.143065 0.162103 0.133001 0.723051 -0.675680 -0.054452
6700.000000 8800.000000 -30.598636 -30.996034 -3.730860 -0.090186 0.708998 -0.689876 0.115153
6700.000000 8950.000000 -14.739128 -28.630370 -1.391970 0.075413 0.720003 -0.689823 0.007344
6700.000000 8850.000000 -1.830001 -33.952325 1.199233 0.151850 0.727575 -0.665516 -0.068296
6750.000000 1400.000000 -4.867207 -35.099094 0.112428 0.107406 0.734756 -0.666688 -0.064220
6750.000000 1450.000000 -4.864275 -35.102146 0.069202 0.104763 0.731085 -0.670493 -0.070556
6750.000000 1350.000000 -4.852410 -35.024984 0.116753 0.106727 0.737128 -0.664388 -0.061974
6750.000000 8950.000000 -19.632746 -34.715177 -3.163381 -0.079494 -0.689336 0.718527 -0.047066
6750.000000 8800.000000 -25.758002 -23.704232 -2.126727 -0.061289 0.737532 -0.668071 0.077272
6750.000000 8850.000000 -33.312036 -23.845623 -8.802075 0.180435 -0.680559 0.710055 -0.010261
6800.000000 1450.000000 -5.415017 -37.176893 0.092720 0.126146 0.716774 -0.679699 -0.091276
6800.000000 1500.000000 -5.355197 -37.081102 0.059264 0.130988 0.722400 -0.673291 -0.087512
6800.000000 1400.000000 -5.400054 -37.082302 0.119632 0.128274 0.721408 -0.675126 -0.085566
6800.000000 8800.000000 -5.836803 -34.969859 0.298812 0.116302 0.732301 -0.666095 -0.080783
6800.000000 8950.000000 -17.726942 -34.633411 -1.396203 0.043431 0.734385 -0.675860 -0.044774
6800.000000 8850.000000 -3.179281 -37.289705 0.040240 0.146804 0.719460 -0.671798 -0.097534
6850.000000 1500.000000 -6.016295 -38.942078 0.030127 0.146766 0.722910 -0.667051 -0.104418
6850.000000 1450.000000 -6.057749 -39.210040 0.142637 0.141952 0.718231 -0.671751 -0.112894
6850.000000 1550.000000 -5.990130 -38.934054 0.066936 0.144406 0.726459 -0.663480 -0.105821
6850.000000 8850.000000 -1.938792 -42.143973 2.636635 0.186131 0.732677 -0.641172 -0.132053
6850.000000 8950.000000 -13.687144 -36.045337 -1.185627 0.091189 0.728520 -0.674745 -0.075246
6850.000000 8800.000000 -36.026156 -26.099498 -6.602970 0.120213 -0.698436 0.701494 -0.075111
6900.000000 1550.000000 -6.840296 -40.772484 0.019726 0.216229 0.706166 -0.657815 -0.147834
6900.000000 1500.000000 -6.865559 -40.815831 0.001940 0.219762 0.702432 -0.660789 -0.147145
6900.000000 1600.000000 -6.642208 -40.705473 0.047471 0.224471 0.702718 -0.657052 -0.155188
6900.000000 8950.000000 -14.207462 -38.620723 -1.022789 0.162969 0.714156 -0.670462 -0.117908
6900.000000 8850.000000 -6.465578 -40.482351 0.115546 0.215841 0.706227 -0.657829 -0.148048
6900.000000 9000.000000 -13.140245 -38.803252 -1.529098 0.167958 0.709881 -0.673863 -0.117339
6950.000000 1600.000000 -8.130994 -42.257590 -0.083018 0.310486 0.671297 -0.624972 -0.249739
6950.000000 1550.000000 -8.181634 -42.256371 -0.100821 0.303949 0.675732 -0.625727 -0.243858
6950.000000 1650.000000 -7.919240 -42.109103 -0.054631 0.302965 0.673808 -0.628113 -0.244272
6950.000000 8950.000000 -8.483154 -44.549329 -0.970399 0.312448 0.664964 -0.622749 -0.269040
6950.000000 9000.000000 -13.226987 -40.897488 -0.579807 0.269996 0.687870 -0.638410 -0.215336
6950.000000 9050.000000 -9.060738 -41.073234 0.028432 0.293380 0.681297 -0.628798 -0.233183
7000.000000 1650.000000 -9.572889 -43.256806 -0.229685 0.377423 0.647073 -0.589042 -0.303113
7000.000000 1600.000000 -9.712412 -43.279419 -0.243313 0.387933 0.641506 -0.586724 -0.306159
7000.000000 1700.000000 -9.641132 -43.320124 -0.248877 0.377684 0.648397 -0.587816 -0.302337
7000.000000 9100.000000 -9.611613 -43.915193 -0.230287 0.390755 0.643851 -0.584328 -0.302205
7000.000000 9150.000000 -8.792629 -43.660680 -0.658472 0.382494 0.642003 -0.588063 -0.309373
7000.000000 9200.000000 -8.335446 -44.112355 -0.907012 0.382558 0.638883 -0.588207 -0.315420
7050.000000 1700.000000 -11.212701 -44.042751 -0.523468 0.344953 0.671714 -0.575019 -0.314898
7050.000000 1650.000000 -11.126842 -43.949049 -0.499138 0.345062 0.670037 -0.577210 -0.314343
7050.000000 1750.000000 -11.391699 -44.174180 -0.572432 0.344532 0.672119 -0.574636 -0.315193
7050.000000 9050.000000 -12.062050 -44.150111 -0.789847 0.343080 0.671977 -0.576245 -0.314140
7050.000000 9100.000000 -10.683364 -44.671592 -0.365463 0.360636 0.667494 -0.569261 -0.316757
7050.000000 9150.000000 -9.765510 -44.724482 -0.420642 0.357574 0.665615 -0.569571 -0.323553
7100.000000 1750.000000 -12.700599 -45.154199 -0.693016 0.288300 0.694515 -0.607755 -0.255277
7100.000000 1800.000000 -12.677145 -45.161785 -0.702972 0.289328 0.694799 -0.605793 -0.257990
7100.000000 1700.000000 -12.588283 -45.042998 -0.674080 0.288866 0.692954 -0.609731 -0.254165
7100.000000 9000.000000 -13.801124 -44.427242 -1.152380 0.277655 0.696521 -0.613883 -0.246808
7100.000000 9050.000000 -12.301110 -45.288446 -0.650953 0.292731 0.693755 -0.604500 -0.259984
7100.000000 8950.000000 -13.022103 -46.642918 -0.679709 0.301912 0.688917 -0.600444 -0.271495
7150.000000 1800.000000 -13.808445 -46.315818 -0.797570 0.203383 0.708882 -0.645980 -0.197053
7150.000000 1750.000000 -13.872496 -46.356615 -0.802516 0.203475 0.707082 -0.648971 -0.193569
7150.000000 1850.000000 -13.791121 -46.356107 -0.782366 0.203939 0.710685 -0.642998 -0.199725
7150.000000 8850.000000 -14.199817 -46.362113 -0.504818 0.200962 0.712161 -0.644236 -0.193395
7150.000000 8950.000000 -13.809473 -46.915850 -0.791770 0.210594 0.707154 -0.641317 -0.210467
7150.000000 8800.000000 -30.046697 -46.435081 -2.912094 0.057755 0.734145 -0.676132 0.023240
7200.000000 1800.000000 -14.901714 -47.778900 -0.911345 0.210317 0.704788 -0.657182 -0.164783
7200.000000 1850.000000 -14.873657 -47.792382 -0.871972 0.209075 0.708491 -0.652707 -0.168231
7200.000000 1750.000000 -14.914691 -47.862189 -0.819644 0.206249 0.708125 -0.654044 -0.168068
7200.000000 8850.000000 -13.884496 -49.080435 -0.450067 0.224155 0.706115 -0.647712 -0.177838
7200.000000 8950.000000 -15.258107 -48.264911 -0.572197 0.218764 0.705803 -0.651074 -0.173457
7200.000000 8900.000000 -15.722501 -47.692633 -0.821007 0.199364 0.713164 -0.653227 -0.157942
7250.000000 1850.000000 -16.174610 -49.292293 -1.047496 0.196584 0.714583 -0.650883 -0.164549
7250.000000 1800.000000 -15.660074 -48.723985 -0.881298 0.194351 0.716259 -0.650158 -0.162775
7250.000000 1750.000000 -15.074704 -48.047864 -0.717109 0.189982 0.718911 -0.648894 -0.161278
7250.000000 8850.000000 -16.425154 -49.334374 -1.011586 0.192181 0.716438 -0.650549 -0.163003
7250.000000 8950.000000 -15.055961 -49.682806 -0.950750 0.207584 0.713918 -0.642561 -0.185327
7250.000000 8900.000000 -26.524552 -47.206553 -2.359473 0.095153 0.725700 -0.676430 -0.082142
7300.000000 1850.000000 -17.130236 -50.818582 -1.123418 0.161582 0.704890 -0.679817 -0.121939
7300.000000 1800.000000 -16.437354 -49.446404 -0.727732 0.156851 0.707135 -0.679908 -0.114378
7300.000000 1750.000000 -14.784814 -48.016239 -0.165018 0.159843 0.710302 -0.676625 -0.109998
7300.000000 8800.000000 -30.778465 -45.880435 -3.028642 -0.011044 0.712657 -0.701415 0.003873
7300.000000 8850.000000 -17.017873 -50.780247 -0.750725 0.159466 0.709186 -0.675676 -0.122837
7300.000000 8950.000000 -24.984031 -47.416769 -2.186108 0.084266 0.707812 -0.698735 -0.060597
7350.000000 1800.000000 -18.853878 -52.968679 -1.860721 0.127461 0.726545 -0.665821 -0.112105
7350.000000 1850.000000 -15.408921 -47.651038 -0.453862 0.163287 0.711540 -0.680932 -0.058143
7350.000000 1750.000000 nan nan nan nan nan nan nan
7350.000000 8950.000000 -25.035678 -47.635686 -2.140136 0.052136 0.736142 -0.672917 -0.050588
7350.000000 8850.000000 -28.586743 -46.397246 -2.685751 -0.009509 0.728866 -0.684419 -0.015290
7350.000000 8800.000000 -18.029945 -53.327558 -1.332864 0.151539 0.733837 -0.657035 -0.082614
7400.000000 1800.000000 nan nan nan nan nan nan nan
7400.000000 1850.000000 299.018923 -33.227767 329.878171 0.313757 0.898839 -0.283455 -0.115318
7400.000000 1750.000000 -16.026521 -52.283647 -1.789926 -0.160821 -0.681222 0.710005 0.077240
7400.000000 8800.000000 -31.800949 -44.740880 -2.457597 0.114353 0.738258 -0.629765 0.212825
7400.000000 8950.000000 -25.489349 -47.496275 -2.341749 -0.010326 -0.699426 0.714222 -0.024162
7400.000000 8850.000000 -18.493094 -53.951548 -0.897775 0.132520 0.716548 -0.680072 -0.080624
7450.000000 1800.000000 -19.435125 -59.472977 -2.938554 -0.240200 -0.649880 0.720919 0.015360
7450.000000 1750.000000 -39.774878 -83.906755 -3.444399 0.632324 -0.174660 -0.199352 0.727955
7450.000000 1850.000000 nan nan nan nan nan nan nan
7450.000000 8800.000000 -30.489088 -45.587352 -3.093413 0.009057 0.749228 -0.662211 -0.007189
7450.000000 8900.000000 -26.695077 -46.998329 -2.389813 0.041396 0.751545 -0.657898 -0.025220
7450.000000 8950.000000 -25.692723 -47.544040 -2.443305 -0.000948 0.730056 -0.683078 0.020519
7500.000000 1800.000000 nan nan nan nan nan nan nan
7500.000000 1750.000000 nan nan nan nan nan nan nan
7500.000000 1850.000000 -62.703296 -93.172701 14.951358 0.325951 0.725080 0.398354 0.457524
7500.000000 8950.000000 -25.053225 -48.277281 -2.196020 0.112426 0.717618 -0.685490 -0.049887
7500.000000 8900.000000 -26.717825 -46.099956 -2.401186 0.097834 0.728591 -0.676949 -0.036392
7500.000000 8800.000000 -30.004708 -46.296378 -2.916523 0.162211 0.725956 -0.665448 -0.062087
7550.000000 1800.000000 -24.685676 -57.171575 -2.341023 0.154090 0.697042 -0.682765 -0.155631
7550.000000 1850.000000 -23.357744 -55.564566 -1.980571 0.169813 0.691888 -0.690434 -0.125517
7550.000000 1600.000000 -9.034934 -43.352892 -0.041751 0.235674 0.679111 -0.670850 -0.182281
7550.000000 8850.000000 -28.449629 -46.826634 -2.529232 0.179560 0.723617 -0.663759 -0.059670
7550.000000 8800.000000 -30.779737 -46.940478 -2.984490 -0.085687 -0.694390 0.714454 0.005894
7550.000000 8950.000000 -25.155136 -57.377110 -1.666942 0.180554 0.692311 -0.683929 -0.142643
7600.000000 1850.000000 -21.098374 -61.347240 -1.203216 0.351820 0.650050 -0.603730 -0.298609
7600.000000 1800.000000 -20.746588 -62.300643 -1.590294 0.357847 0.640397 -0.603325 -0.312787
7600.000000 1600.000000 -9.232267 -43.553778 -0.066256 0.356046 0.643078 -0.608481 -0.299054
7600.000000 9050.000000 -21.391640 -61.610022 -1.079344 0.353875 0.650571 -0.601822 -0.298898
7600.000000 8950.000000 -22.234883 -63.002046 -2.554796 0.356478 0.626934 -0.602087 -0.342590
7600.000000 9000.000000 -21.425422 -62.139535 -1.331282 0.357154 0.646383 -0.601838 -0.304008
7650.000000 1850.000000 -23.111877 -62.348209 -1.841392 0.443950 0.598237 -0.547585 -0.381013
7650.000000 1800.000000 -23.103588 -63.110358 -1.714424 0.452233 0.592102 -0.543971 -0.385999
7650.000000 1700.000000 -21.590420 -67.791568 -3.586054 0.478087 0.536070 -0.521165 -0.460922
7650.000000 9100.000000 -22.914748 -63.735453 -1.377667 0.471007 0.586294 -0.531777 -0.389390
7650.000000 9050.000000 -23.052884 -62.898517 -1.650560 0.450786 0.595359 -0.542336 -0.384982
7650.000000 9150.000000 -22.425469 -63.332903 -1.701016 0.454337 0.588467 -0.543321 -0.389984
7700.000000 1850.000000 -24.583755 -65.048797 -1.571994 0.551347 0.520453 -0.439438 -0.481706
7700.000000 1800.000000 -24.777085 -64.382776 -2.831483 0.526475 0.516619 -0.463304 -0.491201
7700.000000 1700.000000 -24.060471 -64.123600 -2.368763 0.524363 0.526668 -0.465494 -0.480603
7700.000000 9150.000000 -24.023845 -64.378216 -1.712073 0.539489 0.525667 -0.453943 -0.475984
7700.000000 9500.000000 -23.643886 -65.198631 -1.532038 0.541511 0.523976 -0.445920 -0.483084
7700.000000 9250.000000 -23.820461 -60.409613 -2.058475 0.485128 0.567094 -0.504789 -0.433871
7750.000000 1900.000000 -25.044832 -65.239078 -1.664512 0.650827 0.448116 -0.351636 -0.501965
7750.000000 1700.000000 nan nan nan nan nan nan nan
7750.000000 1650.000000 nan nan nan nan nan nan nan
7750.000000 9550.000000 -25.110862 -66.732403 -1.641200 0.644621 0.445242 -0.354596 -0.510377
7750.000000 9500.000000 -25.020049 -66.855601 -1.573828 0.645690 0.443744 -0.360054 -0.506494
7750.000000 9600.000000 -25.105834 -66.718486 -1.721963 0.643471 0.441727 -0.365737 -0.507010
7800.000000 1900.000000 -26.832422 -66.093135 -2.081199 0.673616 0.340388 -0.230557 -0.614184
7800.000000 1950.000000 -26.794531 -68.166031 -1.607680 0.674910 0.334717 -0.233997 -0.614578
7800.000000 1700.000000 -25.129229 -67.064335 -1.879002 0.663199 0.356366 -0.255732 -0.606441
7800.000000 9500.000000 -26.560190 -68.075086 -1.790532 0.673029 0.332711 -0.235690 -0.617078
7800.000000 9450.000000 -26.638396 -67.901636 -1.822722 0.674046 0.331823 -0.238469 -0.615377
7800.000000 9400.000000 -26.642139 -67.903948 -1.817326 0.672761 0.329857 -0.243527 -0.615859
7850.000000 1900.000000 -27.606916 -66.707908 -1.811779 0.692086 0.240249 -0.134490 -0.667240
7850.000000 1950.000000 -27.943765 -68.718133 -1.500300 0.692867 0.230348 -0.136222 -0.669567
7850.000000 1650.000000 -27.999032 -67.914182 -1.104466 0.693250 0.245332 -0.131084 -0.664857
7850.000000 9600.000000 -28.187929 -69.153376 -1.995656 0.688548 0.221086 -0.130795 -0.678171
7850.000000 9650.000000 -28.147208 -69.213426 -1.990405 0.688626 0.220784 -0.131457 -0.678061
7850.000000 9700.000000 -28.239246 -69.183995 -2.042322 0.686943 0.215720 -0.120561 -0.683402
7900.000000 1900.000000 -29.566455 -67.499422 -2.092662 0.729129 0.115709 0.026138 -0.674017
7900.000000 1950.000000 -29.747595 -69.203714 -1.844937 0.732725 0.102954 0.013374 -0.672559
7900.000000 9700.000000 -30.056918 -69.576694 -2.358765 0.724665 0.087342 0.025308 -0.683075
7900.000000 9650.000000 -29.993543 -69.623780 -2.323005 0.727032 0.094306 0.016204 -0.679903
7900.000000 9750.000000 -29.948425 -69.636887 -2.354804 0.724903 0.095785 0.016381 -0.681962
7950.000000 9750.000000 -31.800638 -69.505036 -2.611516 0.712356 -0.021175 0.116462 -0.691763
7950.000000 8000.000000 -31.837891 -69.468214 -2.594885 0.713783 -0.019898 0.118109 -0.690050
7950.000000 9700.000000 -31.756976 -69.436494 -2.581284 0.712117 -0.025208 0.118382 -0.691548
10000.000000 8250.000000 -38.402075 -63.374380 -3.622759 0.579963 -0.393372 0.447217 -0.555786
10000.000000 8200.000000 -38.471846 -63.369097 -3.621707 0.573019 -0.398985 0.447790 -0.558520
10000.000000 9950.000000 -38.612958 -63.413401 -3.557986 0.579737 -0.399064 0.441572 -0.556477
10050.000000 8250.000000 -38.919699 -61.479846 -3.755077 0.566390 -0.430994 0.457979 -0.532636
10050.000000 8200.000000 -38.983110 -61.367322 -3.724432 0.557839 -0.439110 0.460776 -0.532619
10050.000000 8300.000000 -38.803333 -61.387128 -3.812262 0.559844 -0.431805 0.462486 -0.535001
10100.000000 8350.000000 -39.178205 -59.363431 -3.930958 0.562184 -0.440033 0.468598 -0.520324
10100.000000 8400.000000 -39.135193 -59.324107 -3.950728 0.558700 -0.439073 0.471770 -0.522018
10100.000000 8300.000000 -39.298418 -59.447039 -3.864262 0.556758 -0.438887 0.468677 -0.527012
10150.000000 8400.000000 -39.345184 -57.351926 -4.006935 0.528955 -0.460295 0.502587 -0.505708
10150.000000 8450.000000 -39.359912 -57.177674 -3.963784 0.529704 -0.462090 0.507063 -0.498772
10150.000000 8350.000000 -39.501716 -57.425871 -3.950637 0.533143 -0.462444 0.498395 -0.503494
10200.000000 8400.000000 -39.462181 -55.359919 -4.038344 -0.482215 0.523525 -0.521326 0.470754
10200.000000 8500.000000 -39.270260 -55.181076 -4.095716 0.478866 -0.521058 0.526868 -0.470739
10200.000000 8450.000000 -39.334435 -55.265419 -4.043223 0.484848 -0.521442 0.524990 -0.466268
10250.000000 8500.000000 -38.870517 -53.441706 -4.039352 -0.378396 0.592408 -0.591744 0.394598
10250.000000 8450.000000 -39.273841 -53.198900 -3.948029 -0.378878 0.598329 -0.591462 0.385522
10250.000000 8400.000000 -39.163632 -53.542254 -3.964358 -0.382169 0.595724 -0.586496 0.393805
10300.000000 8600.000000 -38.287074 -51.640269 -3.763781 -0.297764 0.638109 -0.614443 0.355829
10300.000000 8500.000000 -38.393342 -51.681543 -3.733614 -0.298374 0.637716 -0.609569 0.364305
10300.000000 8400.000000 -38.744093 -51.522592 -3.562328 -0.300223 0.644428 -0.605087 0.358397
10350.000000 8600.000000 -37.505586 -50.098997 -3.586757 -0.193005 0.663433 -0.642396 0.331563
10350.000000 8550.000000 -37.546739 -50.158836 -3.582261 -0.196333 0.665506 -0.639696 0.330671
10350.000000 8650.000000 -37.327700 -50.149303 -3.649817 -0.186588 0.668326 -0.639992 0.330054
10400.000000 8600.000000 -36.404935 -48.482488 -3.455531 0.176787 -0.656921 0.670414 -0.296220
10400.000000 8650.000000 -36.363390 -48.364058 -3.458713 0.174585 -0.662233 0.668621 -0.289680
10400.000000 8550.000000 -36.516277 -48.494195 -3.419338 0.182269 -0.659735 0.666940 -0.294481
10450.000000 8600.000000 -35.176749 -46.925066 -3.289943 0.218371 -0.635577 0.659126 -0.337505
10450.000000 8650.000000 -34.539935 -47.841327 -3.400196 0.216405 -0.638395 0.660703 -0.330290
10450.000000 8550.000000 -35.068308 -47.195002 -3.294616 0.223368 -0.637279 0.656576 -0.335991
10500.000000 8550.000000 -33.708461 -46.004797 -2.916110 0.258140 -0.585998 0.686051 -0.345403
10500.000000 8600.000000 -34.631103 -46.009203 -3.270605 0.258600 -0.577223 0.687126 -0.357487
10500.000000 8650.000000 -34.710653 -46.465141 -3.495241 0.258421 -0.578312 0.686412 -0.357227
10550.000000 8550.000000 -31.906218 -45.065915 -2.636077 0.243896 -0.602837 0.663207 -0.370484
10550.000000 8600.000000 -31.621390 -44.619127 -2.686120 0.234009 -0.601435 0.668444 -0.369726
10550.000000 8650.000000 -32.689592 -45.411459 -3.117570 0.242566 -0.597264 0.663857 -0.379120
10600.000000 8550.000000 -30.121940 -44.939507 -2.449990 0.279974 -0.595177 0.671355 -0.341557
10600.000000 8650.000000 -31.636808 -44.478950 -2.454167 0.276890 -0.594019 0.664295 -0.359425
10600.000000 8450.000000 -29.489024 -44.483738 -2.390472 0.265362 -0.600978 0.678139 -0.329448
10650.000000 8550.000000 -28.990609 -44.047377 -2.293539 0.307922 -0.617372 0.638220 -0.341630
10650.000000 8450.000000 -26.853706 -45.110246 -2.133173 0.297580 -0.618031 0.643827 -0.339073
10650.000000 8500.000000 -27.798813 -45.258855 -1.977763 0.306085 -0.612438 0.638377 -0.351718
10700.000000 8550.000000 -25.744448 -45.143938 -1.797311 0.262468 -0.621658 0.663267 -0.323617
10700.000000 8500.000000 -25.797688 -45.525461 -1.634861 0.261174 -0.617601 0.662596 -0.333652
10700.000000 8600.000000 -25.678546 -45.132132 -1.941649 0.256142 -0.615541 0.668550 -0.329455
10750.000000 8650.000000 -25.108158 -45.866416 -1.667396 0.211324 -0.641019 0.669411 -0.310363
10750.000000 8600.000000 -24.167606 -46.026409 -1.512721 0.206361 -0.638894 0.674706 -0.306597
10750.000000 8550.000000 -24.829144 -46.021337 -1.650732 0.218671 -0.638209 0.668954 -0.312045
10800.000000 8600.000000 -22.611272 -47.422666 -1.453520 0.186950 -0.660007 0.686399 -0.241448
10800.000000 8650.000000 -21.931522 -47.296667 -1.383078 0.174406 -0.668648 0.684924 -0.231022
10800.000000 8700.000000 -23.132095 -46.866190 -1.209925 0.193813 -0.659387 0.683129 -0.246943
10850.000000 8650.000000 -22.581376 -50.219427 -2.283695 0.189645 -0.660293 0.697630 -0.203369
10850.000000 8600.000000 -21.182653 -48.890632 -1.081079 0.167231 -0.674000 0.691413 -0.199262
10850.000000 8550.000000 -21.293083 -49.192771 -1.169288 0.176841 -0.676098 0.687990 -0.195674
10900.000000 8650.000000 -19.403714 -50.394762 -0.843870 0.141754 -0.675618 0.692797 -0.208516
10900.000000 8600.000000 -19.636363 -49.973051 -0.715880 0.148940 -0.670801 0.693613 -0.216203
10900.000000 8700.000000 -18.776311 -49.197506 -0.196980 0.140602 -0.677471 0.692508 -0.204197
10950.000000 8650.000000 -18.127198 -50.979857 -0.776184 0.160298 -0.660566 0.689613 -0.249781
10950.000000 8600.000000 -21.019582 -51.331411 -1.265515 0.196442 -0.639609 0.684362 -0.289758
10950.000000 8550.000000 -18.670205 -52.446139 -0.865521 0.184067 -0.651680 0.688638 -0.259248
11000.000000 8650.000000 -16.947111 -53.895567 -0.964698 0.176877 -0.653625 0.687764 -0.261668
11000.000000 8700.000000 nan nan nan nan nan nan nan
11000.000000 8550.000000 nan nan nan nan nan nan nan
11050.000000 8700.000000 nan nan nan nan nan nan nan
11050.000000 8650.000000 nan nan nan nan nan nan nan
11200.000000 8700.000000 nan nan nan nan nan nan nan
11200.000000 8650.000000 nan nan nan nan nan nan nan
11200.000000 8600.000000 -17.485123 -60.158238 -0.080452 0.229565 -0.589134 0.737102 -0.238539
11250.000000 8650.000000 nan nan nan nan nan nan nan
11250.000000 8750.000000 -1.090701 -62.960955 16.546245 0.174293 0.821945 -0.526257 0.130696
11250.000000 8600.000000 nan nan nan nan nan nan nan
11350.000000 8650.000000 nan nan nan nan nan nan nan
11500.000000 8650.000000 nan nan nan nan nan nan nan
11500.000000 8600.000000 nan nan nan nan nan nan nan
11600.000000 8650.000000 nan nan nan nan nan nan nan
11650.000000 8450.000000 nan nan nan nan nan nan nan
11700.000000 8650.000000 nan nan nan nan nan nan nan
11900.000000 8650.000000 nan nan nan nan nan nan nan
11950.000000 8650.000000 nan nan nan nan nan nan nan
20000.000000 600.000000 4.964503 -2.443264 0.682220 0.192089 0.720192 -0.659157 -0.099682
20000.000000 650.000000 4.901399 -2.628816 0.616684 0.193163 0.717143 -0.662749 -0.095694
20000.000000 700.000000 4.751226 -2.732748 0.673072 0.186695 0.722480 -0.658066 -0.100587
20050.000000 600.000000 4.293102 -4.318986 0.575522 0.153840 0.734725 -0.653429 -0.097688
20050.000000 650.000000 4.381793 -4.406110 0.584618 0.156079 0.732055 -0.656115 -0.096164
20050.000000 700.000000 4.116782 -4.630484 0.543734 0.148206 0.736254 -0.652773 -0.099257
20100.000000 650.000000 3.449395 -6.320808 0.486569 0.168680 0.722070 -0.661258 -0.113579
20100.000000 700.000000 3.251359 -6.570274 0.402299 0.161321 0.725459 -0.658196 -0.120258
20100.000000 600.000000 3.351739 -6.230129 0.428206 0.167143 0.723729 -0.659401 -0.116061
20100.000000 8850.000000 1.905577 -4.772506 -0.858387 0.157181 0.720580 -0.666959 -0.105950
20100.000000 8800.000000 -42.511021 -6.401274 -5.351184 -0.069044 0.714672 -0.691238 0.081645
20150.000000 700.000000 2.515928 -8.193089 0.388058 0.107040 0.720071 -0.683070 -0.058783
20150.000000 750.000000 2.600304 -8.151974 0.371138 0.110815 0.716027 -0.687076 -0.054325
20150.000000 650.000000 2.592800 -8.203007 0.431012 0.115290 0.715111 -0.687589 -0.050453
20150.000000 8800.000000 -13.897233 2.933695 -2.251658 0.017483 0.718963 -0.694564 0.019191
20150.000000 8850.000000 2.206335 -5.741449 -0.480921 0.104398 0.714452 -0.690180 -0.048076
20150.000000 8900.000000 9.000351 -9.046261 0.025555 0.122254 0.721342 -0.675514 -0.091653
20200.000000 750.000000 2.076503 -10.120950 0.386960 0.168147 0.700843 -0.688195 -0.083266
20200.000000 800.000000 2.009647 -10.231496 0.394857 0.163369 0.702472 -0.687485 -0.084899
20200.000000 700.000000 1.915964 -10.156280 0.368286 0.162647 0.705011 -0.685026 -0.085113
20200.000000 8850.000000 -1.673371 -10.645182 -0.554562 0.149057 0.703800 -0.690480 -0.075402
20250.000000 800.000000 1.394579 -11.946843 0.384794 0.122700 0.710921 -0.689964 -0.059037
20250.000000 750.000000 1.386116 -12.041863 0.357930 0.124991 0.708816 -0.691763 -0.058482
20250.000000 850.000000 1.453679 -12.017542 0.370045 0.127994 0.706938 -0.693332 -0.056093
20250.000000 8850.000000 -0.036709 -9.046398 0.860889 0.113082 0.715202 -0.688245 -0.044920
20250.000000 8800.000000 -10.983638 -2.335159 -0.036171 0.049704 0.722181 -0.689903 0.004208
20250.000000 8900.000000 5.599525 -11.815672 0.337072 0.130413 0.715017 -0.682127 -0.080279
20300.000000 850.000000 0.730179 -13.989649 0.364856 0.160043 0.708401 -0.683686 -0.071604
20300.000000 800.000000 0.651036 -13.992439 0.327470 0.150444 0.712327 -0.681098 -0.077864
20300.000000 900.000000 0.709236 -13.999316 0.319596 0.149506 0.711368 -0.682307 -0.077852
20300.000000 8850.000000 -0.665077 -11.912301 0.038390 0.140343 0.714502 -0.682058 -0.067730
20300.000000 8950.000000 -5.854334 -15.109613 -1.123473 0.127469 0.711987 -0.687551 -0.064027
20300.000000 8900.000000 1.095883 -13.513353 1.448603 0.156195 0.717840 -0.674651 -0.071798
20350.000000 950.000000 0.039474 -16.097356 0.228668 0.142623 0.707698 -0.689493 -0.058490
20350.000000 900.000000 0.096847 -15.947453 0.292885 0.135843 0.709752 -0.688513 -0.061230
20350.000000 1000.000000 -0.005400 -16.282096 0.282653 0.133565 0.713461 -0.685210 -0.060167
20350.000000 8800.000000 -12.938107 -5.912872 0.034599 0.057691 0.725008 -0.686219 0.011755
20350.000000 8850.000000 -2.186231 -13.238482 0.312843 0.121468 0.715593 -0.686376 -0.045390
20350.000000 8950.000000 5.268712 -16.975343 1.056287 0.166160 0.708815 -0.680356 -0.084192
20400.000000 950.000000 -0.704472 -18.113479 0.167093 0.148179 0.716862 -0.676423 -0.081263
20400.000000 1000.000000 -0.709154 -18.236302 0.193571 0.138131 0.722352 -0.672431 -0.083450
20400.000000 900.000000 -0.718057 -17.990112 0.189242 0.139946 0.718078 -0.676928 -0.080917
20400.000000 8850.000000 -4.270982 -14.007089 -0.483013 0.116876 0.721746 -0.679793 -0.057485
20400.000000 8900.000000 -1.923064 -21.117801 -0.842194 0.135423 0.723846 -0.668957 -0.101013
20400.000000 9000.000000 0.918356 -17.628221 -1.679024 0.137607 0.716759 -0.676228 -0.100179
20450.000000 1050.000000 -1.381597 -20.262543 0.137680 0.161906 0.707111 -0.682268 -0.091059
20450.000000 1000.000000 -1.353573 -20.206475 0.186012 0.155936 0.711839 -0.678838 -0.090265
20450.000000 1100.000000 -1.361913 -20.337629 0.163265 0.159838 0.708907 -0.680425 -0.094469
20450.000000 8850.000000 -5.458445 -16.375423 0.007768 0.130306 0.715774 -0.683115 -0.063583
20450.000000 9000.000000 18.538803 -25.323041 4.378017 0.259809 0.695178 -0.651989 -0.155360
20450.000000 8800.000000 -1.912557 -18.930379 0.337501 0.154904 0.714417 -0.677183 -0.083878
20500.000000 1100.000000 -2.019773 -22.258333 0.191581 0.148707 0.699688 -0.692399 -0.094372
20500.000000 1050.000000 -2.064891 -22.195929 0.182244 0.151384 0.698251 -0.694084 -0.088179
20500.000000 1000.000000 -2.003944 -22.150684 0.183291 0.144537 0.702351 -0.691317 -0.088844
20500.000000 8850.000000 -7.039670 -17.385005 -0.231359 0.111008 0.705749 -0.697527 -0.055229
20500.000000 9000.000000 9.744827 -24.301961 4.215482 0.216820 0.699016 -0.670158 -0.123504
20500.000000 8950.000000 -0.572911 -23.347570 0.575697 0.162340 0.700121 -0.687406 -0.104635
20550.000000 1150.000000 -2.523794 -24.275699 0.088198 0.171160 0.705485 -0.682179 -0.087339
20550.000000 1100.000000 -2.529349 -24.149164 0.134535 0.161919 0.708089 -0.681835 -0.086560
20550.000000 1200.000000 -2.526254 -24.150799 0.096972 0.161109 0.705683 -0.685071 -0.082053
20550.000000 8800.000000 -2.310931 -24.330749 0.832640 0.163535 0.714604 -0.675379 -0.080383
20550.000000 9000.000000 -4.302001 -23.387379 -0.926799 0.146571 0.709295 -0.685088 -0.077925
20550.000000 8850.000000 -8.680805 -19.612713 -0.568824 0.117004 0.714826 -0.688113 -0.042831
20600.000000 1200.000000 -3.286318 -26.123899 0.004543 0.159078 0.707183 -0.679848 -0.111329
20600.000000 1250.000000 -3.307099 -26.249616 -0.040953 0.159666 0.707375 -0.679909 -0.108861
20600.000000 1150.000000 -3.291489 -26.191598 -0.016786 0.171328 0.706913 -0.676148 -0.117242
20600.000000 8850.000000 -9.614942 -21.412123 -0.873720 0.111932 0.715871 -0.685589 -0.070483
20600.000000 8950.000000 -3.553421 -26.670737 -0.179020 0.159121 0.712005 -0.673053 -0.121362
20600.000000 8800.000000 -25.997750 -21.068999 -1.976476 0.013564 0.720186 -0.692465 0.040497
20650.000000 1250.000000 -3.996492 -28.189898 -0.067464 0.166351 0.715747 -0.670470 -0.102483
20650.000000 1200.000000 -4.006864 -28.075137 -0.026086 0.165586 0.715379 -0.670961 -0.103081
20650.000000 1300.000000 -3.976416 -28.240778 -0.137267 0.168262 0.712621 -0.673145 -0.103606
20650.000000 8800.000000 -4.155868 -27.791380 -0.352115 0.163667 0.719992 -0.666969 -0.099888
20650.000000 8950.000000 -5.521844 -28.199353 -0.419494 0.159892 0.719791 -0.666900 -0.107612
20650.000000 9000.000000 -2.582858 -27.612152 0.000834 0.172117 0.718416 -0.665402 -0.107211
20700.000000 1300.000000 -4.650331 -30.251674 -0.143552 0.141771 0.724414 -0.669710 -0.081321
20700.000000 1250.000000 -4.631088 -30.143269 -0.081807 0.140768 0.727431 -0.666740 -0.080530
20700.000000 1350.000000 -4.568599 -30.163299 -0.090500 0.138813 0.730795 -0.663047 -0.083896
20700.000000 8950.000000 -14.498329 -29.095490 -1.569500 0.094071 0.727475 -0.678523 -0.039205
20700.000000 8850.000000 -3.391148 -30.379684 0.344747 0.148822 0.732208 -0.658609 -0.089203
20700.000000 8900.000000 -10.413298 -29.621121 -0.865922 0.106900 0.735596 -0.666279 -0.059519
20750.000000 1350.000000 -5.147232 -32.198908 -0.108997 0.120915 0.718008 -0.681544 -0.073089
20750.000000 1300.000000 -5.223665 -32.276203 -0.121702 0.122736 0.711382 -0.688225 -0.072230
20750.000000 1400.000000 -5.144189 -32.264968 -0.157588 0.120848 0.714924 -0.684415 -0.076523
20750.000000 8800.000000 -5.286813 -30.777941 0.330265 0.116267 0.725906 -0.674326 -0.069469
20750.000000 8850.000000 -2.533464 -33.372370 1.858139 0.144532 0.726700 -0.665699 -0.088672
20750.000000 8950.000000 -15.143283 -29.686629 -1.547741 0.069871 0.715143 -0.695049 -0.024382
20800.000000 1400.000000 -5.547365 -34.307697 -0.070377 0.069769 0.742773 -0.665628 -0.018976
20800.000000 1350.000000 -5.520560 -34.237044 -0.064648 0.070736 0.744544 -0.663613 -0.016371
20800.000000 1450.000000 -5.515585 -34.247366 -0.118148 0.065259 0.739891 -0.668901 -0.029553
20850.000000 1450.000000 -5.894083 -36.525386 0.083578 0.118875 0.712801 -0.689502 -0.048682
20850.000000 1400.000000 -5.883444 -36.526255 0.097780 0.121818 0.716724 -0.685377 -0.041529
20850.000000 1500.000000 -5.803298 -36.516160 0.043078 0.126287 0.717690 -0.683450 -0.043234
20850.000000 8800.000000 -5.528831 -34.802883 0.419795 0.118981 0.727277 -0.674788 -0.039672
20850.000000 8950.000000 -25.150417 -48.326329 -2.122941 0.049542 0.730512 -0.680684 -0.023797
20900.000000 1500.000000 -6.189366 -38.604756 0.039495 0.157436 0.717401 -0.675399 -0.066229
20900.000000 1550.000000 -6.166155 -38.579906 0.088687 0.154853 0.721399 -0.671617 -0.067349
20900.000000 1450.000000 -6.244685 -38.815941 0.169535 0.149310 0.714398 -0.679256 -0.077154
20900.000000 8950.000000 -19.456284 -31.872220 -2.874381 0.062251 0.708728 -0.702376 0.022293
20900.000000 8850.000000 -4.521861 -38.963893 0.017795 0.166505 0.716262 -0.673291 -0.076967
20900.000000 8800.000000 -30.888768 -43.568919 -3.437222 0.105822 -0.692923 0.703083 -0.119728
20950.000000 1550.000000 -6.973472 -40.618959 -0.007501 0.240265 0.720119 -0.633878 -0.147989
20950.000000 1500.000000 -6.990383 -40.628690 -0.041774 0.243121 0.715644 -0.637996 -0.147336
20950.000000 1600.000000 -6.798591 -40.562916 0.017689 0.247339 0.716887 -0.632926 -0.155887
20950.000000 9000.000000 -7.838309 -39.578847 0.321961 0.233651 0.723812 -0.634910 -0.135619
20950.000000 8950.000000 -6.486848 -41.644919 0.357929 0.252912 0.717688 -0.628485 -0.161140
20950.000000 9050.000000 -5.386709 -39.903982 0.212427 0.241743 0.721506 -0.630319 -0.153909
21000.000000 1600.000000 -8.357046 -42.212778 -0.114559 0.383582 0.653055 -0.589246 -0.281379
21000.000000 1650.000000 -8.192209 -42.132551 -0.088639 0.373100 0.658458 -0.591531 -0.278066
21000.000000 1700.000000 -8.245807 -42.195789 -0.119574 0.372570 0.659433 -0.590843 -0.277929
21000.000000 9050.000000 -8.844278 -42.646087 -0.247827 0.375664 0.658358 -0.590539 -0.276955
21000.000000 9100.000000 -8.086691 -42.597406 0.022489 0.384793 0.656038 -0.587865 -0.275614
21000.000000 8950.000000 -8.731316 -44.544528 -1.500711 0.378996 0.644698 -0.589349 -0.305605
21050.000000 1650.000000 -9.862116 -43.084938 -0.267353 0.402006 0.653156 -0.555318 -0.321558
21050.000000 1600.000000 -10.009612 -43.116754 -0.304681 0.412928 0.646357 -0.553436 -0.324688
21050.000000 1700.000000 -9.940727 -43.163562 -0.293766 0.402341 0.653965 -0.553904 -0.321935
21050.000000 9250.000000 -9.375929 -42.819837 -0.673913 0.401700 0.649829 -0.558710 -0.322805
21050.000000 9100.000000 -9.832856 -43.381684 -0.436455 0.412494 0.649432 -0.552807 -0.320142
21050.000000 9150.000000 -9.156596 -43.042881 -0.507974 0.406580 0.649203 -0.555587 -0.323345
21100.000000 1650.000000 -11.458460 -43.951118 -0.587447 0.360593 0.688189 -0.562839 -0.282102
21100.000000 1750.000000 -11.648983 -44.144607 -0.634875 0.360895 0.690124 -0.560171 -0.282298
21100.000000 1700.000000 -11.499822 -44.003416 -0.601278 0.359480 0.690286 -0.560964 -0.282131
21100.000000 9100.000000 -11.113754 -44.133293 -0.630550 0.370835 0.686285 -0.558783 -0.281525
21100.000000 9050.000000 -11.699980 -44.348422 -0.692692 0.363470 0.688765 -0.559104 -0.284419
21100.000000 9150.000000 -11.024005 -43.749447 -0.796921 0.361850 0.687075 -0.563306 -0.282273
21150.000000 1750.000000 -13.193347 -45.337505 -0.776214 0.330139 0.709006 -0.574470 -0.241461
21150.000000 1800.000000 -13.191287 -45.348948 -0.793024 0.330410 0.709395 -0.572770 -0.243973
21150.000000 1850.000000 -13.220568 -45.442026 -0.794313 0.331534 0.709921 -0.570622 -0.245944
21150.000000 9050.000000 -12.606437 -45.215084 -0.635946 0.333946 0.708905 -0.571240 -0.244168
21150.000000 9100.000000 -12.529294 -45.218248 -0.708088 0.339890 0.706078 -0.572015 -0.242337
21150.000000 9150.000000 -12.308315 -44.731619 -0.794355 0.329391 0.708166 -0.574911 -0.243886
21200.000000 1800.000000 -14.483722 -46.801995 -0.898541 0.335274 0.692040 -0.596562 -0.229751
21200.000000 1850.000000 -14.508335 -46.876347 -0.893206 0.335412 0.693510 -0.593648 -0.232644
21200.000000 1750.000000 -14.496110 -46.803300 -0.878265 0.336685 0.690378 -0.599291 -0.225549
21200.000000 9050.000000 -14.284075 -46.854987 -0.840654 0.336428 0.692670 -0.594273 -0.232086
21200.000000 9000.000000 -14.272053 -46.731162 -0.776819 0.336292 0.694115 -0.594379 -0.227651
21200.000000 9100.000000 -13.901206 -46.748394 -0.780525 0.344591 0.689647 -0.594274 -0.229089
21250.000000 1850.000000 -16.035141 -48.164443 -1.065543 0.366520 0.691139 -0.565356 -0.261462
21250.000000 1800.000000 -15.997329 -48.095609 -1.061800 0.365034 0.690586 -0.568194 -0.258837
21250.000000 1750.000000 -13.221632 -45.441799 -0.651757 0.353249 0.698231 -0.571803 -0.246437
21250.000000 9100.000000 -15.712260 -48.248742 -1.063688 0.374215 0.687402 -0.565823 -0.259396
21250.000000 9050.000000 -15.961738 -48.232477 -1.030889 0.365524 0.691706 -0.564847 -0.262456
21250.000000 9000.000000 -16.019296 -48.154117 -1.004176 0.366533 0.692187 -0.566196 -0.256814
21300.000000 1900.000000 -17.566954 -48.836487 -1.213856 0.419068 0.646275 -0.541993 -0.336086
21300.000000 1850.000000 -17.899822 -48.993226 -1.308640 0.404514 0.651290 -0.550160 -0.330929
21300.000000 1800.000000 -18.306772 -49.183520 -1.427169 0.403257 0.649885 -0.554596 -0.327806
21300.000000 9100.000000 -17.828295 -49.205674 -1.282763 0.411997 0.648967 -0.548429 -0.329130
21300.000000 9150.000000 -17.694069 -48.912455 -1.319389 0.403042 0.650227 -0.553170 -0.329795
21300.000000 9050.000000 -18.057028 -49.142205 -1.310127 0.402615 0.652206 -0.550034 -0.331649
21350.000000 1850.000000 -19.982394 -48.773826 -1.414599 0.344438 0.655777 -0.604641 -0.292795
21350.000000 1800.000000 -20.126478 -48.923806 -1.511972 0.343516 0.653578 -0.608019 -0.291795
21350.000000 1750.000000 -13.610456 -45.662791 -0.680269 0.343523 0.659523 -0.601709 -0.291493
21350.000000 9100.000000 -19.806911 -48.954885 -1.457531 0.351274 0.652621 -0.604159 -0.292719
21350.000000 9050.000000 -19.876894 -48.782314 -1.348728 0.343775 0.656369 -0.604604 -0.292323
21350.000000 9000.000000 -19.893968 -48.687250 -1.374743 0.343845 0.657082 -0.606101 -0.287498
21400.000000 1850.000000 -21.873377 -48.437209 -1.654901 0.306990 0.690986 -0.615917 -0.221227
21400.000000 1800.000000 -21.966323 -48.475752 -1.684160 0.305017 0.689929 -0.618839 -0.219095
21400.000000 1750.000000 -21.962311 -48.499495 -1.677486 0.304310 0.689737 -0.620014 -0.217347
21400.000000 9000.000000 -21.849381 -48.309208 -1.604485 0.305972 0.692281 -0.617499 -0.214062
21400.000000 9050.000000 -21.743871 -48.446160 -1.570518 0.306952 0.691674 -0.615209 -0.221100
21400.000000 9100.000000 -21.677181 -48.495721 -1.674078 0.314602 0.687874 -0.616117 -0.219670
21450.000000 1800.000000 -23.863274 -47.877589 -1.845818 0.262411 0.703291 -0.629919 -0.199308
21450.000000 1850.000000 -23.929608 -47.867112 -1.869953 0.264273 0.703574 -0.628569 -0.200112
21450.000000 1750.000000 -24.086422 -47.771518 -1.911160 0.259426 0.702575 -0.633609 -0.193974
21450.000000 9000.000000 -23.622859 -49.090018 -1.973161 0.273052 0.700507 -0.623219 -0.215245
21450.000000 9050.000000 -23.740084 -48.012185 -1.803792 0.264069 0.704593 -0.626039 -0.204674
21450.000000 9100.000000 -23.607076 -47.935484 -1.883322 0.272274 0.701232 -0.627100 -0.202204
21500.000000 1800.000000 -25.675510 -47.649473 -2.500005 0.226564 0.713252 -0.640102 -0.173806
21500.000000 1850.000000 -25.894439 -47.550141 -2.250062 0.230160 0.715678 -0.637517 -0.168535
21500.000000 1750.000000 -25.843154 -47.704005 -2.365394 0.226022 0.714290 -0.640108 -0.170195
21500.000000 8900.000000 -25.882436 -47.949722 -2.240862 0.227911 0.718226 -0.636392 -0.164963
21500.000000 9000.000000 -23.777825 -49.131132 -1.984172 0.259092 0.711178 -0.623039 -0.197280
21500.000000 8950.000000 -25.137435 -47.969065 -2.133899 0.238628 0.712780 -0.631661 -0.189752
21550.000000 1850.000000 -27.736618 -47.098399 -2.376964 0.132023 0.740447 -0.651642 -0.098342
21550.000000 1800.000000 -27.420493 -46.765469 -2.231191 0.133006 0.739624 -0.653124 -0.093252
21550.000000 1750.000000 -27.758154 -47.277430 -2.377491 0.129887 0.738478 -0.654521 -0.096861
21550.000000 8900.000000 -27.660986 -47.753726 -2.462193 0.134269 0.740041 -0.652124 -0.095108
21550.000000 8950.000000 -27.672733 -47.689830 -2.456783 0.140575 0.735393 -0.653979 -0.108385
21550.000000 8850.000000 -28.360880 -46.859740 -2.651974 0.105337 0.729488 -0.673616 -0.054701
21600.000000 1800.000000 -29.524323 -47.277263 -2.729397 0.066832 0.742773 -0.664473 -0.047931
21600.000000 1850.000000 -29.823717 -46.934038 -2.650114 0.059522 0.747596 -0.659682 -0.048756
21600.000000 1750.000000 -29.922448 -47.147812 -2.661958 0.055923 0.747441 -0.660070 -0.050116
21600.000000 8850.000000 -29.725893 -47.732133 -2.735601 0.063091 0.745514 -0.661407 -0.052612
21600.000000 8900.000000 -29.691541 -47.510964 -2.650259 0.059880 0.750263 -0.656596 -0.049013
21600.000000 8800.000000 -29.622124 -47.673326 -2.739940 0.065756 0.750037 -0.656018 -0.052543
21650.000000 1850.000000 -31.418017 -48.704204 -3.013928 -0.005932 0.733794 -0.679081 0.018985
21650.000000 1800.000000 -34.480664 -43.905472 -1.241311 -0.064885 0.755569 -0.649724 0.052577
21650.000000 1750.000000 -33.018578 -46.927500 -3.204244 -0.010680 0.725407 -0.683068 0.084190
21650.000000 8800.000000 -31.521912 -48.220753 -3.016261 0.001917 0.736550 -0.675514 0.034226
21650.000000 8850.000000 -31.609209 -48.227056 -2.993435 -0.001522 0.731906 -0.680522 0.034658
21650.000000 8900.000000 -31.662651 -48.348321 -3.022085 -0.007564 0.734756 -0.677162 0.039096
21700.000000 8800.000000 -33.865094 -48.377166 -3.048969 -0.063721 0.721423 -0.679686 0.116256
21700.000000 8750.000000 -33.312703 -49.127586 -3.185003 -0.054125 0.717813 -0.684520 0.115099
21700.000000 8700.000000 -33.492253 -47.533157 -3.352117 -0.051295 0.717241 -0.686152 0.110134
21750.000000 8700.000000 -34.797759 -50.360701 -3.369229 -0.144231 0.687547 -0.684015 0.196468
21750.000000 8650.000000 -34.711199 -50.398663 -3.410205 -0.141160 0.694470 -0.678688 0.192791
21750.000000 8750.000000 -34.871619 -50.338049 -3.346271 -0.145940 0.688164 -0.684920 0.189780
21800.000000 9500.000000 -24.844460 -66.104563 -1.860445 0.723070 0.288216 -0.171183 -0.603985
21800.000000 8500.000000 -36.199569 -51.844323 -3.499435 -0.218947 0.685007 -0.651188 0.242448
21800.000000 8400.000000 -36.525627 -51.617298 -3.316928 -0.223149 0.690540 -0.645735 0.237455
21850.000000 8400.000000 -37.249408 -53.508564 -3.526302 -0.304419 0.647884 -0.624797 0.311775
21850.000000 8600.000000 -36.967112 -53.549289 -3.651127 -0.302826 0.642426 -0.633993 0.306003
21850.000000 8650.000000 -36.890428 -53.521375 -3.724136 -0.299937 0.647531 -0.631903 0.302390
21900.000000 8400.000000 -37.763622 -55.471092 -3.691219 -0.375695 0.614111 -0.593975 0.359048
21900.000000 8350.000000 -37.954790 -55.495396 -3.636698 -0.382357 0.614865 -0.590424 0.356573
21900.000000 8300.000000 -37.930621 -55.252720 -3.517279 -0.369862 0.619367 -0.593398 0.357023
21950.000000 8350.000000 -38.424377 -57.387084 -3.760922 -0.428077 0.572931 -0.569700 0.404897
21950.000000 8250.000000 -38.675836 -57.270402 -3.592726 -0.427093 0.575253 -0.567084 0.406315
21950.000000 8400.000000 -38.274810 -57.306072 -3.795115 0.423155 -0.572440 0.573486 -0.405421
22000.000000 8300.000000 -38.875251 -59.312617 -3.722077 0.467262 -0.536383 0.540158 -0.449655
22000.000000 8200.000000 -39.015222 -59.111474 -3.617150 -0.464528 0.543546 -0.542300 0.441229
22000.000000 8250.000000 -38.991105 -59.346423 -3.683915 0.474722 -0.534631 0.539997 -0.444085
22050.000000 8250.000000 -38.786703 -61.348527 -3.698370 0.539299 -0.490937 0.519470 -0.445296
22050.000000 8200.000000 -38.935742 -61.274368 -3.633943 0.533490 -0.497870 0.518074 -0.446222
22050.000000 8300.000000 -38.703558 -61.254612 -3.749875 0.532868 -0.492530 0.523776 -0.446234
22100.000000 8250.000000 -38.547958 -63.172644 -3.640669 0.590728 -0.403473 0.482422 -0.505489
22100.000000 8200.000000 -38.643267 -63.178670 -3.626552 0.584709 -0.409475 0.481745 -0.508299
22100.000000 9950.000000 -38.780810 -63.258921 -3.557956 0.591933 -0.408200 0.475166 -0.507154
22150.000000 9950.000000 -38.125028 -65.118129 -3.436392 0.617327 -0.363135 0.416002 -0.560341
22150.000000 8200.000000 -38.071399 -65.014411 -3.489591 0.610784 -0.364524 0.424792 -0.560015
22150.000000 9900.000000 -38.094800 -65.223214 -3.379616 0.621357 -0.359298 0.416308 -0.558129
22200.000000 9900.000000 -37.266529 -66.952567 -3.258376 0.657179 -0.305034 0.341715 -0.598583
22200.000000 9950.000000 -37.303147 -66.724951 -3.347101 0.652459 -0.309635 0.346234 -0.598787
22200.000000 8100.000000 -37.367898 -66.964809 -3.252813 0.656916 -0.305696 0.341654 -0.598568
22250.000000 9850.000000 -36.125480 -68.443235 -3.045884 0.710103 -0.202043 0.268092 -0.618918
22250.000000 9900.000000 -36.187847 -68.428556 -3.032684 0.711591 -0.202152 0.269922 -0.616372
22250.000000 9800.000000 -36.104881 -68.519448 -2.986591 0.711159 -0.197415 0.260941 -0.622246
22300.000000 9800.000000 -34.568847 -69.621993 -2.762172 0.729883 -0.110347 0.204394 -0.642898
22300.000000 9850.000000 -34.687824 -69.564154 -2.805602 0.729731 -0.115934 0.212478 -0.639456
22300.000000 8000.000000 -34.595919 -69.627450 -2.760214 0.733602 -0.110436 0.204728 -0.638529
22350.000000 9750.000000 -32.847391 -70.491599 -2.523549 0.766330 -0.034620 0.152424 -0.623143
22350.000000 9800.000000 -32.888379 -70.450955 -2.506806 0.764166 -0.032139 0.157451 -0.624681
22350.000000 8000.000000 -32.927629 -70.418861 -2.538891 0.766734 -0.032808 0.157237 -0.621547
22400.000000 9750.000000 -31.025570 -70.885640 -2.256127 0.754645 0.065067 0.056289 -0.650468
22400.000000 9700.000000 -31.070961 -70.878495 -2.243028 0.754508 0.058226 0.060233 -0.650922
22400.000000 9650.000000 -31.006404 -70.828661 -2.237000 0.756168 0.064944 0.053052 -0.648982
22450.000000 9650.000000 -29.036733 -70.749562 -1.935101 0.756291 0.167176 -0.041397 -0.631160
22450.000000 9700.000000 -29.119701 -70.778718 -1.983685 0.754536 0.160514 -0.031603 -0.635541
22450.000000 9600.000000 -29.027685 -70.685648 -1.938601 0.756750 0.166425 -0.043179 -0.630688
22500.000000 9650.000000 -27.380241 -69.733995 -1.784424 0.724674 0.268038 -0.132387 -0.620868
22500.000000 9600.000000 -27.291139 -69.834378 -1.724859 0.725494 0.267542 -0.136273 -0.619282
22500.000000 9500.000000 -27.381059 -69.737247 -1.723929 0.726790 0.265750 -0.135623 -0.618675
22550.000000 9500.000000 -25.978824 -68.312227 -1.588565 0.704255 0.343756 -0.201595 -0.587551
22550.000000 9550.000000 -25.992793 -68.338346 -1.623235 0.701982 0.343176 -0.191922 -0.593816
22550.000000 9600.000000 -25.883948 -68.389589 -1.593021 0.702645 0.345546 -0.200565 -0.588780
22600.000000 9550.000000 -25.122359 -66.781518 -1.559301 0.657266 0.405829 -0.242330 -0.587010
22600.000000 9500.000000 -25.159973 -66.729982 -1.576150 0.658661 0.405450 -0.252178 -0.581534
22600.000000 9400.000000 -25.177287 -66.849407 -1.505117 0.660224 0.401906 -0.255750 -0.580661
22650.000000 9500.000000 -25.037153 -64.920549 -1.654945 0.660087 0.414478 -0.289403 -0.555644
22650.000000 9400.000000 -24.996642 -65.098464 -1.563799 0.662369 0.410665 -0.292033 -0.554381
22650.000000 9450.000000 -24.941690 -64.995069 -1.571118 0.662843 0.413931 -0.288558 -0.553204
22700.000000 9400.000000 -24.979072 -63.215547 -1.694104 0.656239 0.414560 -0.293055 -0.558220
22700.000000 9450.000000 -24.968617 -63.099494 -1.710514 0.656421 0.417947 -0.289364 -0.557406
22700.000000 9350.000000 -24.978987 -63.209066 -1.679990 0.658637 0.416523 -0.287571 -0.556784
22750.000000 9350.000000 -24.192000 -61.647478 -1.689294 0.666599 0.466540 -0.287196 -0.505475
22750.000000 9400.000000 -24.237272 -61.633477 -1.719777 0.663014 0.466515 -0.291112 -0.507966
22750.000000 9450.000000 -24.233668 -61.547297 -1.731293 0.663340 0.469568 -0.285348 -0.507998
22800.000000 9350.000000 -23.128385 -60.035936 -1.656599 0.645754 0.493192 -0.314456 -0.490796
22800.000000 9300.000000 -23.113250 -60.022924 -1.613238 0.645644 0.497057 -0.310168 -0.489769
22800.000000 9400.000000 -23.194802 -60.038371 -1.689370 0.642223 0.493181 -0.316894 -0.493862
22850.000000 9300.000000 -22.394343 -58.219521 -1.560244 0.623639 0.522570 -0.338271 -0.472830
22850.000000 9350.000000 -22.507540 -58.282676 -1.635579 0.625430 0.517004 -0.340405 -0.475046
22850.000000 9250.000000 -22.420481 -58.296466 -1.569944 0.628572 0.516150 -0.339058 -0.472784
22900.000000 9200.000000 -21.976197 -56.500071 -1.575086 0.568138 0.590419 -0.385031 -0.424707
22900.000000 9250.000000 -22.061298 -56.557085 -1.647132 0.570000 0.587321 -0.384669 -0.426830
22900.000000 9300.000000 -22.041761 -56.437682 -1.589205 0.566043 0.593664 -0.384071 -0.423849
22950.000000 9200.000000 -22.076541 -54.679234 -1.654392 0.508082 0.629375 -0.440067 -0.389976
22950.000000 9150.000000 -21.949557 -54.531020 -1.589555 0.510952 0.628953 -0.437761 -0.389500
22950.000000 9100.000000 -22.003951 -54.584782 -1.560186 0.519598 0.627784 -0.433245 -0.384972
23000.000000 9150.000000 -22.435071 -52.781174 -1.731533 0.433001 0.674503 -0.508725 -0.314254
23000.000000 9100.000000 -22.471746 -52.819021 -1.747196 0.442660 0.671639 -0.506461 -0.310565
23000.000000 9050.000000 -22.516603 -52.747802 -1.707339 0.433816 0.675225 -0.507808 -0.313060
23050.000000 9050.000000 -23.316893 -51.170441 -1.853974 0.332995 0.715842 -0.554469 -0.263151
23050.000000 9100.000000 -23.253827 -51.222946 -1.894173 0.341434 0.713047 -0.554229 -0.260417
23050.000000 9150.000000 -23.225005 -51.074016 -1.843013 0.331413 0.715287 -0.556948 -0.261417
23100.000000 9000.000000 -23.669502 -49.144142 -1.964234 0.254788 0.747434 -0.589955 -0.168462
23100.000000 8950.000000 -24.792873 -49.944941 -2.099335 0.259499 0.742534 -0.590789 -0.179645
23100.000000 9050.000000 -24.602479 -49.825745 -2.019803 0.255893 0.747031 -0.588538 -0.173453
23150.000000 8900.000000 -26.327477 -48.831374 -2.374315 0.174458 0.756653 -0.623666 -0.089892
23150.000000 9000.000000 -25.973191 -49.563757 -2.241635 0.192293 0.755440 -0.617187 -0.106833
23150.000000 8950.000000 -25.241736 -48.236024 -2.167627 0.190096 0.752051 -0.621532 -0.109457
23200.000000 8900.000000 -27.875803 -48.005105 -2.504786 0.091648 0.773417 -0.626623 -0.027751
23200.000000 8850.000000 -27.985914 -48.108441 -2.557765 0.092438 0.768425 -0.632657 -0.026893
23200.000000 9000.000000 -28.087080 -47.301300 -2.231240 0.082354 0.778502 -0.621374 -0.032356
23250.000000 8900.000000 -29.598485 -47.702862 -2.703803 0.013922 0.783380 -0.620390 0.035184
23250.000000 8800.000000 -29.630032 -47.681258 -2.852575 0.011075 0.780035 -0.624784 0.032675
23250.000000 8850.000000 -29.693530 -47.722424 -2.763660 0.014012 0.778437 -0.626574 0.035276
23300.000000 8800.000000 -31.598894 -47.854531 -3.041136 -0.089922 0.752041 -0.642725 0.115119
23300.000000 8700.000000 -33.648208 -47.182435 -3.395235 -0.098565 0.746012 -0.642405 0.145146
23300.000000 8600.000000 -31.607406 -47.924463 -2.974211 -0.085114 0.752148 -0.642267 0.120506
23350.000000 8700.000000 -33.488623 -47.522921 -3.381490 -0.169980 0.719511 -0.655824 0.152663
23350.000000 8600.000000 -33.445566 -48.428608 -3.227308 -0.167341 0.726347 -0.642832 0.176594
23350.000000 8650.000000 -33.289670 -48.534944 -3.295637 -0.164178 0.730240 -0.640759 0.170949
23400.000000 8600.000000 -34.805536 -49.779500 -3.448147 -0.211570 0.711388 -0.630567 0.227049
23400.000000 8500.000000 -34.770643 -49.496053 -3.264855 -0.205726 0.718400 -0.625753 0.223632
23400.000000 8700.000000 -33.428408 -47.388580 -3.376538 -0.173354 0.722691 -0.645014 0.177828
23450.000000 9550.000000 -25.038449 -66.839703 -1.965655 0.739665 0.345398 -0.181768 -0.548230
23450.000000 8500.000000 -35.991522 -51.244749 -3.513770 -0.290088 0.704083 -0.589896 0.268588
23450.000000 8600.000000 -35.820713 -51.345087 -3.647058 -0.287527 0.701601 -0.598834 0.257841
23500.000000 8400.000000 -36.858090 -53.156300 -3.622409 -0.342600 0.643741 -0.604421 0.320777
23500.000000 8500.000000 -36.673295 -53.086171 -3.680238 -0.337606 0.641402 -0.608669 0.322720
23500.000000 8550.000000 -36.660163 -53.126196 -3.697813 -0.343889 0.642404 -0.609242 0.312862
23550.000000 8400.000000 -37.485941 -55.091133 -3.716278 -0.375083 0.608943 -0.602750 0.353828
23550.000000 8350.000000 -37.248207 -54.980875 -3.746284 -0.372511 0.612206 -0.607350 0.342877
23550.000000 8600.000000 -37.245132 -54.961060 -3.772718 0.371125 -0.606693 0.612201 -0.345543
23600.000000 8350.000000 -37.778640 -56.938527 -3.782096 -0.408169 0.614402 -0.553690 0.386440
23600.000000 8400.000000 -37.895519 -56.992530 -3.807876 -0.406191 0.611955 -0.553004 0.393329
23600.000000 8300.000000 -37.980709 -57.017062 -3.700751 -0.404300 0.612171 -0.550614 0.398262
23650.000000 8250.000000 -38.501578 -58.901842 -3.671418 -0.479541 0.546227 -0.543499 0.419864
23650.000000 8300.000000 -38.281816 -58.946208 -3.746710 0.473283 -0.544945 0.546164 -0.425140
23650.000000 8200.000000 -38.547945 -58.752830 -3.610977 -0.473307 0.551614 -0.543746 0.419574
23700.000000 8250.000000 -38.420710 -60.966644 -3.701739 0.498967 -0.502047 0.538297 -0.457403
23700.000000 8200.000000 -38.569323 -60.810228 -3.627618 0.489881 -0.511738 0.539702 -0.454822
23700.000000 9950.000000 -38.897489 -60.760142 -3.510641 0.498041 -0.512920 0.535803 -0.449203
23750.000000 9950.000000 -38.296847 -62.988036 -3.514309 0.531224 -0.457793 0.491244 -0.516630
23750.000000 8250.000000 -38.050908 -62.964018 -3.588998 0.531387 -0.451336 0.496026 -0.517574
23750.000000 8200.000000 -38.112964 -62.936084 -3.579013 0.523062 -0.458947 0.496863 -0.518557
23800.000000 8100.000000 -37.344422 -64.935490 -3.375515 0.485459 -0.472170 0.540501 -0.499244
23800.000000 8150.000000 -37.229432 -64.790819 -3.430981 0.486677 -0.472733 0.541643 -0.496278
23800.000000 8550.000000 -37.434216 -64.592747 -3.562974 0.484277 -0.468144 0.545367 -0.498890
23850.000000 8550.000000 -36.069579 -66.311529 -3.254476 0.441885 -0.468856 0.582075 -0.496085
23850.000000 8600.000000 -36.353924 -66.538093 -3.273738 0.441999 -0.463254 0.584753 -0.498093
23850.000000 8650.000000 -37.377865 -65.663098 -3.716356 0.436183 -0.470410 0.581563 -0.500243
23900.000000 8550.000000 -34.216498 -67.616913 -2.960949 0.424029 -0.501844 0.577002 -0.485203
23900.000000 8600.000000 -34.688144 -67.688903 -3.036828 0.421941 -0.497131 0.579554 -0.488818
23900.000000 8650.000000 -34.670094 -68.038596 -3.310925 0.425914 -0.494531 0.577251 -0.490732
23950.000000 8550.000000 -32.477151 -68.525699 -2.541108 0.429922 -0.501139 0.561119 -0.499173
23950.000000 8600.000000 -32.908595 -68.768822 -2.622918 0.432362 -0.492068 0.564346 -0.502440
23950.000000 8650.000000 -33.152111 -68.396884 -2.802777 0.426009 -0.501078 0.560502 -0.503264
24000.000000 8350.000000 -30.114521 -68.801081 -2.458535 0.504911 -0.418909 0.535136 -0.532174
24000.000000 8250.000000 -29.843024 -68.849115 -2.377093 -0.502231 0.417322 -0.534630 0.536448
24000.000000 8550.000000 -29.852706 -66.245434 -2.379628 0.486638 -0.436001 0.547488 -0.522822
24050.000000 8250.000000 -28.232635 -68.418670 -2.041203 -0.548449 0.370847 -0.483817 0.572361
24050.000000 8350.000000 -28.856657 -67.890076 -2.373762 -0.543401 0.377353 -0.494005 0.564163
24050.000000 8150.000000 -28.103844 -67.836698 -2.228527 -0.548509 0.378628 -0.481876 0.568837
24100.000000 8350.000000 -26.721576 -67.393651 -1.878986 -0.537430 0.387223 -0.490453 0.566290
24100.000000 8250.000000 -27.152613 -67.373947 -1.779440 -0.534981 0.387030 -0.495590 0.564264
24100.000000 8150.000000 -26.388859 -66.713777 -2.030668 -0.533634 0.392224 -0.492444 0.564708
24150.000000 8250.000000 -24.701032 -66.419198 -1.457876 -0.495717 0.419963 -0.519377 0.555106
24150.000000 8450.000000 -38.176128 -54.792688 -3.789244 0.450948 -0.411866 0.729790 -0.307277
24150.000000 8400.000000 -24.196831 -66.599404 -1.545720 -0.496489 0.410389 -0.519274 0.561635
24200.000000 8450.000000 -28.128361 -62.239300 -1.912449 0.415287 -0.526368 0.567634 -0.477771
24200.000000 8350.000000 -22.522944 -65.728967 -1.318422 0.421636 -0.506564 0.567299 -0.493748
24200.000000 8550.000000 nan nan nan nan nan nan nan
24250.000000 8450.000000 -17.688062 -61.201870 1.191271 -0.317456 0.637404 -0.635317 0.298848
24250.000000 8400.000000 -20.134697 -65.675463 -0.807295 0.390745 -0.518036 0.599574 -0.468475
24250.000000 8600.000000 nan nan nan nan nan nan nan
24300.000000 8450.000000 nan nan nan nan nan nan nan
24300.000000 8400.000000 nan nan nan nan nan nan nan
24350.000000 8600.000000 nan nan nan nan nan nan nan
24350.000000 8550.000000 nan nan nan nan nan nan nan
24350.000000 8650.000000 nan nan nan nan nan nan nan
24950.000000 8450.000000 nan nan nan nan nan nan nan
25050.000000 8650.000000 nan nan nan nan nan nan nan
28300.000000 14950.000000 46.760972 -91.468652 28.427081 0.706568 -0.099617 0.157298 -0.682712
28350.000000 14900.000000 47.257947 -89.477281 28.065273 0.694235 -0.126351 0.202308 -0.679076
28400.000000 14350.000000 40.786967 -88.494431 19.295127 -0.628552 0.153488 -0.216096 0.731209
28400.000000 14900.000000 47.603842 -87.767109 28.155930 -0.683682 0.140053 -0.209437 0.684909
28400.000000 14400.000000 47.788345 -87.048783 27.873687 -0.679295 0.134019 -0.224780 0.685617
28450.000000 14500.000000 47.754811 -86.130893 27.646915 -0.645581 0.169475 -0.263784 0.696363
28450.000000 14450.000000 48.135213 -86.150841 27.995526 -0.649283 0.180012 -0.256019 0.693167
28450.000000 14550.000000 48.015148 -86.107518 27.972532 -0.649183 0.179456 -0.256780 0.693125
28500.000000 14550.000000 49.184944 -83.855832 27.974002 -0.644936 0.219639 -0.286970 0.673397
28500.000000 14500.000000 49.257569 -83.620212 28.178869 -0.644972 0.210571 -0.294069 0.673197
28500.000000 14600.000000 49.214099 -84.094443 27.923485 -0.642824 0.216917 -0.288661 0.675573
28550.000000 14600.000000 50.196033 -81.903666 28.033650 -0.629175 0.255655 -0.333666 0.653794
28550.000000 14650.000000 50.703039 -81.703596 28.270301 -0.634666 0.260596 -0.324060 0.651363
28550.000000 14500.000000 50.863921 -81.142551 28.047801 -0.627691 0.247326 -0.339215 0.655566
28600.000000 14600.000000 51.967151 -80.156470 28.173276 -0.627007 0.266673 -0.355082 0.640051
28600.000000 14650.000000 52.324210 -79.948970 28.245384 -0.631736 0.271866 -0.346362 0.637990
28600.000000 14450.000000 52.099839 -80.601349 28.366489 -0.633093 0.267015 -0.346588 0.638571
28650.000000 14600.000000 53.157405 -78.912651 28.182652 -0.606590 0.234785 -0.334403 0.681982
28650.000000 14650.000000 53.444852 -78.749769 28.277390 -0.610753 0.241516 -0.324330 0.680779
28650.000000 14700.000000 53.575886 -78.662335 28.110000 -0.606273 0.236179 -0.329780 0.684031
28700.000000 14650.000000 54.935003 -77.369738 28.295377 -0.625542 0.248501 -0.331874 0.660911
28700.000000 14700.000000 54.952359 -77.243115 28.205781 -0.621372 0.244677 -0.338454 0.662932
28700.000000 14600.000000 54.758145 -77.552794 28.346208 -0.621822 0.242565 -0.340540 0.662217
28750.000000 14650.000000 55.852392 -76.187793 28.417712 -0.645391 0.223326 -0.295015 0.668253
28750.000000 14700.000000 56.233102 -75.940774 28.290294 -0.640906 0.217728 -0.302032 0.671275
28750.000000 14500.000000 56.243965 -75.740901 28.401157 -0.639886 0.207533 -0.307333 0.673069
28800.000000 14700.000000 57.390861 -74.739278 28.367025 -0.640485 0.207182 -0.282241 0.683516
28800.000000 14650.000000 57.259769 -75.431278 28.542056 -0.647386 0.208021 -0.269626 0.681851
28800.000000 14850.000000 57.701458 -74.535488 28.394734 -0.643629 0.204968 -0.275053 0.684160
28850.000000 14700.000000 58.553089 -72.926607 28.425214 -0.646035 0.197136 -0.274686 0.684342
28850.000000 14650.000000 58.478476 -73.256566 28.517515 -0.652042 0.198761 -0.267030 0.681198
28850.000000 14800.000000 58.629245 -72.939510 28.587374 -0.653254 0.193360 -0.272060 0.679599
28900.000000 14850.000000 60.287919 -71.119232 28.359505 -0.660508 0.151699 -0.243871 0.693717
28900.000000 14700.000000 59.879280 -71.650812 28.436672 -0.659558 0.158790 -0.244670 0.692753
28900.000000 14750.000000 59.716504 -71.640769 28.390453 -0.660583 0.167320 -0.241334 0.690936
28950.000000 14700.000000 60.941138 -70.056147 28.311118 0.706577 -0.067691 0.128269 -0.692614
28950.000000 14900.000000 61.052620 -69.723688 28.343383 0.710641 -0.069576 0.122818 -0.689249
28950.000000 14850.000000 61.032236 -69.915824 28.275202 0.708256 -0.064407 0.128822 -0.691108
29000.000000 14950.000000 61.536960 -67.906856 28.380454 0.732967 0.036144 0.019188 -0.679032
29000.000000 14900.000000 61.243466 -68.388399 28.359698 0.730781 0.026816 0.029466 -0.681448
29000.000000 14700.000000 60.903035 -68.256944 28.226876 0.722734 0.006578 0.059383 -0.688539
29050.000000 15000.000000 60.683923 -67.198930 28.211327 0.702181 0.272675 -0.209594 -0.623426
29050.000000 15100.000000 60.651999 -67.028122 28.236561 0.704503 0.264198 -0.212532 -0.623462
29050.000000 15050.000000 60.692689 -66.994393 28.259293 0.704292 0.270609 -0.209500 -0.621976
29100.000000 14150.000000 nan nan nan nan nan nan nan
29100.000000 14300.000000 59.521586 -66.178869 28.115171 0.627467 0.496771 -0.385187 -0.459495
29100.000000 14100.000000 nan nan nan nan nan nan nan
29150.000000 14300.000000 58.312967 -66.298260 27.872236 0.568514 0.646606 -0.403036 -0.310249
29150.000000 14350.000000 57.869061 -66.207362 27.627254 0.564242 0.647095 -0.414402 -0.301943
29150.000000 14150.000000 nan nan nan nan nan nan nan
29200.000000 14100.000000 nan nan nan nan nan nan nan
29200.000000 14300.000000 57.194114 -66.557022 27.328802 0.530109 0.682111 -0.421891 -0.275166
29200.000000 14050.000000 nan nan nan nan nan nan nan
29250.000000 14050.000000 56.388672 -66.744285 26.924012 0.509432 0.680383 -0.443268 -0.284730
29250.000000 14100.000000 nan nan nan nan nan nan nan
29250.000000 14200.000000 nan nan nan nan nan nan nan
29300.000000 14050.000000 nan nan nan nan nan nan nan
29350.000000 14050.000000 52.917069 -67.645803 25.469300 0.426494 0.688795 -0.527996 -0.254724
29350.000000 14000.000000 nan nan nan nan nan nan nan
29400.000000 14000.000000 51.829987 -69.218330 25.751572 0.420647 0.709863 -0.511313 -0.240229
29400.000000 14050.000000 51.791924 -68.733637 25.344652 0.406379 0.702054 -0.537805 -0.229658
30000.000000 26800.000000 40.612257 -81.742374 21.120034 0.195572 0.735987 -0.634038 -0.134431
30000.000000 26850.000000 39.999791 -81.887537 20.910534 0.177312 0.735502 -0.643147 -0.118146
30000.000000 26900.000000 40.366181 -81.744331 20.999583 0.187172 0.730864 -0.645893 -0.116730
30050.000000 26900.000000 39.466809 -83.598406 20.829361 0.122476 0.735858 -0.659454 -0.092916
30050.000000 26850.000000 39.102418 -83.597465 20.749769 0.108994 0.741600 -0.656012 -0.088310
30050.000000 26800.000000 39.748053 -83.434155 21.074198 0.132788 0.748789 -0.640313 -0.108085
30100.000000 26900.000000 38.632827 -85.461640 20.890212 0.146727 0.705393 -0.690047 -0.068749
30100.000000 26950.000000 38.636749 -85.617418 20.797281 0.148404 0.711954 -0.680772 -0.087448
30100.000000 27000.000000 38.621855 -85.596817 20.775831 0.140716 0.705054 -0.690788 -0.076882
30150.000000 26950.000000 37.911709 -87.276150 20.722120 0.087598 0.734959 -0.669854 -0.058801
30150.000000 27000.000000 37.921752 -87.313273 20.763756 0.078436 0.729140 -0.678022 -0.049897
30150.000000 26900.000000 37.918054 -87.383283 20.852878 0.087384 0.728327 -0.678300 -0.042577
30200.000000 27000.000000 37.717341 -89.136847 20.841903 -0.035811 -0.674075 0.737788 -0.003160
30200.000000 27050.000000 37.728732 -89.240516 20.826664 -0.039658 -0.673332 0.738276 0.000333
30200.000000 26950.000000 37.626158 -89.005719 20.779081 -0.041222 -0.682853 0.729390 0.001534
30250.000000 27100.000000 37.615353 -90.663677 21.342181 0.000431 -0.643786 0.765195 -0.003981
30250.000000 27050.000000 37.518110 -90.557773 21.297615 -0.005653 -0.645915 0.763350 -0.007666
30250.000000 27000.000000 37.518665 -90.462117 21.315873 -0.002575 -0.646438 0.762861 -0.012445
30300.000000 27150.000000 37.451747 -91.645563 21.714129 0.028295 -0.632083 0.771030 -0.071990
30300.000000 27100.000000 37.456457 -91.634667 21.756048 0.033351 -0.626563 0.775368 -0.071497
30300.000000 27200.000000 37.454845 -91.667636 21.712632 0.028381 -0.634105 0.769468 -0.070880
30350.000000 27200.000000 37.433385 -92.812216 22.106844 0.019608 -0.648493 0.759355 -0.049522
30350.000000 27150.000000 37.440167 -92.782571 22.099942 0.019162 -0.646061 0.761392 -0.050196
30350.000000 27100.000000 37.446043 -92.780201 22.189637 0.024474 -0.641091 0.765456 -0.049807
30400.000000 27200.000000 37.394239 -93.911262 22.542456 0.012812 -0.654594 0.753158 -0.063994
30400.000000 27250.000000 37.393878 -93.952201 22.582478 0.022248 -0.647142 0.759417 -0.063229
30400.000000 27150.000000 37.400947 -93.890589 22.554796 0.013064 -0.652574 0.754942 -0.063547
30450.000000 27300.000000 37.403346 -95.449227 22.768082 0.045676 -0.603677 0.790829 -0.089878
30450.000000 27250.000000 37.414909 -95.493311 22.838882 0.053907 -0.598042 0.794633 -0.089433
30450.000000 27200.000000 37.419160 -95.430828 22.757399 0.044165 -0.605766 0.789477 -0.088448
30500.000000 27300.000000 37.462801 -96.959413 23.135254 0.044983 -0.611251 0.784675 -0.092922
30500.000000 27350.000000 37.461398 -96.991106 23.118754 0.042173 -0.615301 0.782161 -0.088600
30500.000000 27400.000000 37.436636 -97.119596 23.117016 0.056619 -0.606646 0.786927 -0.097580
30550.000000 27350.000000 37.477233 -98.175570 23.591504 0.076230 -0.620684 0.773073 -0.106290
30550.000000 27400.000000 37.514133 -98.258250 23.633245 0.092322 -0.612738 0.776896 -0.111629
30550.000000 27300.000000 37.497916 -98.133089 23.630099 0.079718 -0.616946 0.775382 -0.108653
30600.000000 27400.000000 37.597576 -99.381836 24.062650 0.120021 -0.601288 0.779104 -0.130555
30600.000000 27450.000000 37.560905 -99.359580 23.988081 0.108500 -0.606733 0.776622 -0.130234
30600.000000 27350.000000 37.536698 -99.386984 23.974289 0.101170 -0.607790 0.777080 -0.128464
30650.000000 27500.000000 37.741299 -100.540468 24.536851 0.115102 -0.599914 0.776517 -0.154518
30650.000000 27450.000000 37.736368 -100.515384 24.512158 0.115171 -0.600710 0.775875 -0.154597
30650.000000 27550.000000 37.772431 -100.583304 24.511483 0.115772 -0.599275 0.777005 -0.154043
30700.000000 27550.000000 37.988660 -101.899988 24.879916 0.133694 -0.609291 0.766897 -0.150864
30700.000000 27500.000000 37.997555 -101.886261 24.895852 0.131568 -0.608911 0.767759 -0.149878
30700.000000 27600.000000 38.006863 -101.959927 24.858177 0.133177 -0.609508 0.766554 -0.152181
30750.000000 27600.000000 38.511535 -103.481656 25.138874 0.161922 -0.589797 0.768473 -0.188067
30750.000000 27650.000000 38.538356 -103.504544 25.210865 0.164650 -0.587038 0.769271 -0.191046
30750.000000 27550.000000 38.494552 -103.454671 25.141221 0.161385 -0.587869 0.770043 -0.188142
30800.000000 27650.000000 38.951573 -104.847553 25.677927 0.176339 -0.579109 0.759106 -0.239365
30800.000000 27700.000000 39.058255 -104.676192 25.730036 0.167768 -0.588921 0.754827 -0.235078
30800.000000 27750.000000 38.602693 -105.834358 26.144196 0.185027 -0.582935 0.752225 -0.245172
30850.000000 27700.000000 39.521674 -105.920380 26.170407 0.204087 -0.583423 0.750919 -0.232565
30850.000000 27750.000000 39.577806 -105.705222 26.148457 0.205298 -0.580260 0.754194 -0.228786
30850.000000 27650.000000 39.533880 -105.324758 25.999968 0.207123 -0.576302 0.757737 -0.225410
30900.000000 27800.000000 40.240292 -106.645853 26.708829 0.266087 -0.568380 0.718623 -0.299539
30900.000000 27700.000000 40.088600 -106.137729 26.413456 0.260697 -0.565901 0.729879 -0.281194
30900.000000 27750.000000 40.118109 -106.620034 26.693173 0.262052 -0.568022 0.721930 -0.295800
30950.000000 27800.000000 40.927118 -107.514293 27.154656 0.282736 -0.544713 0.707592 -0.350231
30950.000000 27700.000000 39.706873 -106.099092 26.323336 0.261472 -0.552634 0.709649 -0.350180
30950.000000 27750.000000 40.197737 -106.860482 26.735653 0.274454 -0.545291 0.712140 -0.346683
31000.000000 27800.000000 41.140140 -108.836076 27.333832 0.292741 -0.550532 0.704012 -0.339978
31000.000000 27750.000000 40.032030 -106.766316 26.696955 0.276270 -0.557506 0.711999 -0.325453
31000.000000 27700.000000 39.807877 -106.210543 26.364091 0.262009 -0.563122 0.710093 -0.331681
31050.000000 27800.000000 42.526717 -110.968868 27.573310 0.232245 -0.565679 0.726806 -0.312767
31050.000000 27750.000000 40.402612 -106.993736 26.829739 0.206539 -0.583607 0.735325 -0.275756
31050.000000 27700.000000 40.417434 -106.294010 26.535910 0.176217 -0.594643 0.735654 -0.272323
31100.000000 27700.000000 40.448120 -106.689553 26.510766 0.152033 -0.632966 0.724370 -0.226996
31100.000000 27750.000000 39.955385 -107.443508 26.786370 0.196790 -0.615245 0.715977 -0.264810
31100.000000 27800.000000 40.902163 -107.864420 27.330456 0.181372 -0.631772 0.716507 -0.233638
31150.000000 27750.000000 40.169886 -107.246974 26.679447 0.201626 -0.655638 0.686330 -0.241737
31150.000000 27700.000000 39.815218 -106.692087 26.370841 0.194056 -0.664328 0.678755 -0.245566
31150.000000 27800.000000 41.293747 -107.781651 27.340630 0.174144 -0.679631 0.682161 -0.205991
31200.000000 27700.000000 39.991005 -106.502665 26.382865 -0.048442 0.728350 -0.669776 0.136233
31200.000000 27750.000000 44.688066 -107.361605 26.679466 -0.220805 -0.686129 0.689452 0.071613
31200.000000 27800.000000 40.807111 -107.909509 27.100532 -0.087851 0.712417 -0.688658 0.102446
38000.000000 8000.000000 -35.299836 -73.357136 -3.069175 0.718253 0.029502 0.172218 -0.673486
38000.000000 9700.000000 -25.272925 -133.265696 6.241977 0.686711 0.217650 0.229914 -0.654367
38000.000000 8050.000000 -58.640077 -82.516166 -5.948752 0.676168 -0.143219 0.278856 -0.666726
38050.000000 8000.000000 -34.571055 -81.475828 -3.242159 0.712882 0.062830 0.073662 -0.694568
38050.000000 9700.000000 -38.983462 -100.008935 -2.649776 0.714015 0.029543 0.077155 -0.695239
38050.000000 8050.000000 -38.130239 -105.486648 -0.888485 0.726095 0.041861 0.061567 -0.683552
38100.000000 8000.000000 -36.309283 -86.987648 -3.081178 0.713349 0.075674 0.084133 -0.691613
38100.000000 9750.000000 -39.428737 -98.987931 -2.098868 0.719269 0.050499 0.075799 -0.688735
38100.000000 9700.000000 -40.220884 -98.194044 -3.351292 0.710189 0.056009 0.096500 -0.695113
38150.000000 8000.000000 -34.381318 -78.813895 -3.359649 0.718570 0.060546 0.099441 -0.685641
38150.000000 9750.000000 -38.455257 -96.784049 -2.631228 0.722367 0.029177 0.087365 -0.685348
38150.000000 9700.000000 -39.244132 -96.881582 -2.926908 0.719526 0.025057 0.100090 -0.686758
38200.000000 8000.000000 -35.296380 -79.057133 -1.019245 0.766750 0.088033 0.093439 -0.628978
38200.000000 9700.000000 -38.599838 -94.608199 -3.196086 0.720353 0.022917 0.068786 -0.689808
38200.000000 9750.000000 -32.401205 -92.023035 -3.827829 0.713252 0.087455 0.021770 -0.695089
38250.000000 9700.000000 -35.310560 -88.775001 -4.024810 -0.690644 -0.115319 -0.064262 0.711044
38250.000000 9750.000000 -32.211805 -77.570281 -6.394150 -0.654835 -0.103370 -0.058427 0.746386
38250.000000 9000.000000 -38.060102 -91.427979 -1.767135 0.719678 0.088541 0.076440 -0.684383
38300.000000 8000.000000 -36.663016 -75.548838 -2.931887 0.715308 0.049424 0.058948 -0.694562
38300.000000 9100.000000 -36.517622 -90.045034 -1.593204 0.726631 0.091697 0.021473 -0.680542
38300.000000 9150.000000 -37.807319 -90.156500 -1.689345 0.724250 0.074808 0.035194 -0.684564
38350.000000 9700.000000 -36.127363 -86.199530 -2.587760 0.715290 0.099930 0.012746 -0.691529
38350.000000 9100.000000 -37.432016 -87.300476 -2.085096 0.726744 0.101033 0.029664 -0.678789
38350.000000 8000.000000 -36.373877 -78.782770 -3.068382 0.716011 0.098638 0.047482 -0.689452
38400.000000 8000.000000 -36.182265 -76.288367 -2.625548 0.741021 0.062109 0.064962 -0.665440
38400.000000 9700.000000 -37.474583 -85.312606 -2.960825 0.737158 0.075635 0.067023 -0.668121
38400.000000 9750.000000 -38.497927 -87.035015 -3.039412 0.737379 0.071185 0.073814 -0.667650
38450.000000 9700.000000 -36.297947 -82.137120 -2.835615 0.725924 0.080900 0.038030 -0.681941
38450.000000 8000.000000 -37.932860 -78.771274 -3.003618 0.729002 0.062915 0.075635 -0.677404
38450.000000 9750.000000 -38.664230 -84.568042 -3.140205 0.723828 0.061170 0.065219 -0.684162
38500.000000 9700.000000 -38.029069 -81.456699 -2.923397 0.708459 0.059882 0.055484 -0.701015
38500.000000 8000.000000 -38.411140 -82.104388 -2.912889 0.710366 0.066312 0.059279 -0.698190
38500.000000 9750.000000 -38.805177 -82.935043 -3.017650 0.706248 0.056870 0.055990 -0.703452
38550.000000 9700.000000 -37.724634 -79.218913 -3.036385 0.716270 0.092750 0.039798 -0.690486
38550.000000 8000.000000 -39.056531 -81.022032 -3.060344 0.717482 0.087350 0.048089 -0.689404
38550.000000 9250.000000 -38.229786 -79.653831 -2.346872 0.727427 0.097297 0.049624 -0.677437
38600.000000 9700.000000 -38.657778 -78.008925 -3.123551 0.710022 0.078252 0.042206 -0.698544
38600.000000 9200.000000 -38.083093 -77.438750 -2.468917 0.720901 0.094946 0.035149 -0.685603
38600.000000 9250.000000 -38.261421 -77.357221 -2.581699 0.721652 0.085851 0.032561 -0.686140
38650.000000 9700.000000 -38.196513 -75.586247 -3.245273 0.723873 0.069198 0.033046 -0.685658
38650.000000 8000.000000 -38.552119 -76.356877 -3.057212 0.729773 0.074846 0.028476 -0.678984
38650.000000 9750.000000 -41.538597 -80.296711 -2.374080 0.739541 0.062734 0.055785 -0.667856
38700.000000 9700.000000 -25.554725 -77.992575 -0.535560 0.715685 0.212315 -0.084675 -0.659960
38700.000000 9600.000000 -26.197088 -68.462218 -1.726491 0.704178 0.250718 -0.166429 -0.643098
38700.000000 9350.000000 -38.140425 -73.390192 -2.929610 0.725853 0.104759 0.008445 -0.679774
38750.000000 9700.000000 -35.797461 -71.935492 -2.994262 0.709455 0.099056 -0.014147 -0.697612
38750.000000 9600.000000 -38.175608 -71.006619 -3.074004 0.712819 0.076684 0.005974 -0.697118
38750.000000 9400.000000 -38.242034 -71.034844 -2.798614 0.718211 0.072604 0.000888 -0.692027
38800.000000 9700.000000 -38.838825 -68.943323 -3.555578 0.724073 0.119717 0.001500 -0.679253
38800.000000 9600.000000 -38.532963 -69.146516 -3.564251 0.726666 0.121208 -0.015062 -0.676046
38800.000000 9400.000000 -38.701892 -68.697484 -2.841424 0.735185 0.127975 -0.010172 -0.665599
38850.000000 9700.000000 -38.730090 -66.661714 -3.528326 -0.702425 -0.112960 -0.000098 0.702737
38850.000000 9600.000000 -39.156632 -66.829927 -3.533284 0.705445 0.110844 -0.000268 -0.700044
38850.000000 9650.000000 -38.482650 -67.457470 -3.783405 0.704019 0.107906 -0.017609 -0.701715
38900.000000 9700.000000 -37.660633 -65.376873 -2.341223 -0.693570 -0.182678 -0.040520 0.695664
38900.000000 9600.000000 -39.510578 -64.843999 -3.548739 -0.699050 -0.103328 0.003937 0.707557
38900.000000 9650.000000 -39.082252 -65.173382 -3.753765 -0.696565 -0.102827 0.014274 0.709943
38950.000000 9700.000000 -37.909882 -63.460352 -3.491087 -0.700813 -0.125642 -0.018647 0.701946
38950.000000 9600.000000 -26.408535 -68.411689 -1.622063 0.732739 0.180345 -0.163546 -0.635470
38950.000000 9650.000000 -39.230432 -63.130133 -4.022608 -0.699034 -0.101508 -0.021820 0.707510
39000.000000 9700.000000 -27.944268 -72.930659 -1.876554 0.710648 0.120266 -0.043617 -0.691819
39000.000000 9600.000000 -26.488479 -68.379750 -1.632910 0.752809 0.120470 -0.138009 -0.632233
39000.000000 9650.000000 -39.374440 -60.778872 -3.793859 0.711960 0.062412 0.043587 -0.698081
39050.000000 9700.000000 -38.887044 -58.385059 -3.561451 -0.705892 -0.056226 -0.014853 0.705928
39050.000000 9600.000000 -27.979041 -66.015698 -1.995698 -0.277059 0.690557 0.620811 -0.246904
39050.000000 9650.000000 -39.494243 -58.291298 -3.496028 0.712583 0.051138 0.014832 -0.699564
39100.000000 9700.000000 -49.163323 -36.511124 5.883586 0.866629 -0.123481 0.411340 0.253980
39100.000000 9600.000000 -26.645092 -68.360327 -1.788568 0.720667 0.055450 -0.121951 -0.680215
39100.000000 9650.000000 -39.097361 -56.507804 -3.435156 0.714377 0.053156 0.026043 -0.697253
39150.000000 9700.000000 -32.056891 -49.112627 -3.040793 0.760567 0.300586 -0.575296 0.014871
39150.000000 8000.000000 nan nan nan nan nan nan nan
39150.000000 9750.000000 -32.848903 -59.611893 -2.665119 0.718520 0.115311 0.021658 -0.685539
39200.000000 9700.000000 -32.224485 -68.458681 -4.451158 -0.671507 0.041205 -0.043967 0.738544
39200.000000 8000.000000 nan nan nan nan nan nan nan
39200.000000 9750.000000 -32.967912 -50.261481 -3.283275 0.588205 -0.044966 0.777802 -0.216834
39250.000000 9700.000000 -32.384255 -70.271434 -2.265522 -0.705513 -0.014162 -0.053171 0.706558
39250.000000 8000.000000 -31.670854 -57.494258 -2.828998 0.706856 0.028229 0.075489 -0.702751
39250.000000 9750.000000 -35.827895 -39.874494 -2.777389 0.738068 0.031736 0.132116 0.660904
39300.000000 9700.000000 -30.085721 -63.521017 -1.999093 0.716156 0.064686 0.021712 -0.694597
39300.000000 8000.000000 nan nan nan nan nan nan nan
39300.000000 9750.000000 -27.944142 -43.529336 1.237119 0.847481 -0.189034 -0.186772 0.459520
39350.000000 9700.000000 -28.903081 -67.445084 -2.412147 0.707950 0.100374 0.010525 -0.699014
39350.000000 8000.000000 nan nan nan nan nan nan nan
39350.000000 9750.000000 -34.777161 -62.150935 -2.842436 0.714131 0.039638 0.087011 -0.693451
39400.000000 9700.000000 -37.582504 -59.204745 -3.028767 0.695084 -0.127194 0.233384 -0.667991
39400.000000 8000.000000 nan nan nan nan nan nan nan
39400.000000 9750.000000 -36.675894 -40.803278 -4.424648 0.440349 0.510298 -0.440712 0.592842
39450.000000 9700.000000 -33.675704 -38.876924 -3.406691 0.692007 0.031509 0.145354 0.706403
39450.000000 8000.000000 nan nan nan nan nan nan nan
39450.000000 9750.000000 nan nan nan nan nan nan nan
39500.000000 9700.000000 nan nan nan nan nan nan nan
39500.000000 9750.000000 nan nan nan nan nan nan nan
39500.000000 8000.000000 nan nan nan nan nan nan nan
39550.000000 9700.000000 nan nan nan nan nan nan nan
39550.000000 8000.000000 -34.545896 -64.861996 -2.699798 0.707237 0.042394 0.054089 -0.703629
39550.000000 9750.000000 -37.794055 -53.434887 -5.337000 -0.390738 0.394662 -0.162426 0.815588
39600.000000 9700.000000 nan nan nan nan nan nan nan
39600.000000 8000.000000 nan nan nan nan nan nan nan
39600.000000 9750.000000 -33.749208 -58.303165 -3.314380 -0.684182 -0.059562 -0.079413 0.722524
39650.000000 9700.000000 -30.197648 -65.689697 -2.362471 0.720365 0.059161 0.022252 -0.690709
39650.000000 8000.000000 nan nan nan nan nan nan nan
39650.000000 9750.000000 -33.605427 -58.446881 -2.285784 0.753021 -0.013652 -0.003908 -0.657843
39700.000000 9700.000000 -32.153697 -59.164544 -0.937855 0.779685 0.048097 0.075604 -0.619727
39700.000000 8000.000000 nan nan nan nan nan nan nan
39700.000000 9750.000000 nan nan nan nan nan nan nan
39750.000000 9700.000000 -73.558207 576.044915 -26.695508 0.095021 -0.649272 0.714945 -0.241395
39750.000000 9750.000000 -37.511777 -52.946204 -3.567732 -0.602571 0.281484 -0.395570 0.633404
39750.000000 8000.000000 nan nan nan nan nan nan nan
39800.000000 9750.000000 nan nan nan nan nan nan nan
39800.000000 9700.000000 nan nan nan nan nan nan nan
39800.000000 8000.000000 nan nan nan nan nan nan nan
39850.000000 9700.000000 nan nan nan nan nan nan nan
39850.000000 9750.000000 nan nan nan nan nan nan nan
39850.000000 8000.000000 nan nan nan nan nan nan nan
39900.000000 9750.000000 nan nan nan nan nan nan nan
39900.000000 9700.000000 nan nan nan nan nan nan nan
39900.000000 8000.000000 nan nan nan nan nan nan nan
39950.000000 8000.000000 nan nan nan nan nan nan nan
39950.000000 9700.000000 -30.297703 -61.863722 -2.519006 0.707288 0.075242 0.068218 -0.699592
39950.000000 9650.000000 nan nan nan nan nan nan nan
42000.000000 41950.000000 -2.566683 13.405370 -0.782305 0.091125 0.714549 -0.689030 -0.079708
42000.000000 41900.000000 -2.580282 13.393813 -0.770133 0.091391 0.714269 -0.689696 -0.076067
42000.000000 41850.000000 -2.644489 13.579140 -0.905322 0.093665 0.715700 -0.687329 -0.081113
42050.000000 41950.000000 -3.322083 11.448626 -0.857700 0.097781 0.711509 -0.693631 -0.055406
42050.000000 41900.000000 -3.301156 11.467667 -0.838172 0.094096 0.712030 -0.693580 -0.055726
42050.000000 41850.000000 -3.369602 11.464008 -0.885917 0.095830 0.716102 -0.688517 -0.062915
42100.000000 41950.000000 -3.888048 9.662446 -0.804488 0.005504 0.708287 -0.705870 0.006892
42100.000000 41850.000000 -3.947666 9.886209 -0.830572 0.010004 0.712447 -0.701632 0.005551
42100.000000 41900.000000 -3.948644 9.546730 -0.836889 -0.002509 -0.705806 0.708348 -0.008680
42150.000000 41850.000000 -3.856905 8.238892 -0.910031 -0.027021 0.715505 -0.697103 0.037010
42150.000000 41950.000000 -3.018434 12.944285 -0.521192 -0.072718 0.717167 -0.690903 0.055115
42150.000000 41750.000000 0.636692 2.502335 -0.444826 -0.034135 -0.702723 0.710420 -0.017850
42200.000000 41800.000000 -3.691034 6.189434 -0.686997 0.094942 -0.695546 0.701186 -0.124658
42200.000000 41750.000000 -6.080316 5.904179 -2.215761 0.108145 -0.671905 0.713185 -0.167976
42200.000000 41950.000000 -1.486886 13.409960 -0.321561 -0.046202 0.714068 -0.691333 0.100161
42250.000000 41800.000000 0.651572 15.715876 -0.094900 -0.096571 0.706120 -0.688592 0.133824
42250.000000 41750.000000 nan nan nan nan nan nan nan
42250.000000 41950.000000 nan nan nan nan nan nan nan
42350.000000 41700.000000 nan nan nan nan nan nan nan
42350.000000 41800.000000 nan nan nan nan nan nan nan
