4000.000000 40850.000000 -37.363828 18.901733 -5.595679 0.715383 0.036183 0.088643 -0.692142
4000.000000 40800.000000 -38.512349 16.420828 -5.424288 0.711124 0.033822 0.094160 -0.695911
4000.000000 40900.000000 -34.599173 23.302832 -5.270077 0.713247 0.046279 0.070781 -0.695792
4050.000000 40850.000000 -38.050491 21.465444 -5.593261 -0.701798 -0.013616 -0.109241 0.703818
4050.000000 40900.000000 -34.571944 25.810470 -5.315183 -0.701904 -0.033909 -0.089879 0.705764
4050.000000 40800.000000 -37.499585 18.353365 -4.960172 -0.701583 -0.025165 -0.099745 0.705123
4100.000000 40850.000000 -38.183300 22.567655 -5.642016 -0.697867 -0.000524 -0.107142 0.708168
4100.000000 40800.000000 -38.085155 22.031025 -5.949611 -0.686416 -0.000749 -0.110403 0.718779
4100.000000 40900.000000 -35.005080 26.717324 -5.393950 -0.702036 -0.022585 -0.093163 0.705660
4150.000000 40850.000000 -38.172957 24.498031 -5.307487 0.706431 -0.041312 0.121256 -0.696093
4150.000000 40900.000000 -33.085993 26.615736 -4.542727 0.719065 0.010169 0.082142 -0.689996
4150.000000 40750.000000 -32.477656 26.389918 -5.246973 0.711087 0.007114 0.081708 -0.698304
4200.000000 40900.000000 -34.753495 30.221089 -5.091836 0.704333 -0.080418 0.171018 -0.684252
4200.000000 40850.000000 -32.796777 33.804177 -5.305142 0.706765 -0.072347 0.162807 -0.684648
4200.000000 40950.000000 -33.003419 32.458939 -5.021372 0.708262 -0.076872 0.163270 -0.682494
4250.000000 40950.000000 -31.744655 34.375535 -4.990816 -0.683946 0.124963 -0.209158 0.687645
4250.000000 40900.000000 -32.562273 32.887087 -4.963006 -0.683139 0.122188 -0.208224 0.689227
4250.000000 40850.000000 -32.524692 33.280174 -5.040720 -0.684492 0.125632 -0.208732 0.687108
4300.000000 41000.000000 -39.541236 31.321576 -5.516395 0.676179 -0.177761 0.311803 -0.643399
4300.000000 40950.000000 -35.343678 33.083532 -5.088530 0.675665 -0.186689 0.298600 -0.647659
4300.000000 40900.000000 -32.356249 32.186729 -4.892359 0.682143 -0.163461 0.283740 -0.653799
4350.000000 41000.000000 -33.695073 34.906550 -5.084870 0.633979 -0.280133 0.375225 -0.615469
4350.000000 41050.000000 -39.495211 35.323588 -5.924988 0.620888 -0.293744 0.399448 -0.607169
4350.000000 40950.000000 -30.238327 36.297353 -4.715973 0.640591 -0.285320 0.361215 -0.614622
4400.000000 41050.000000 -33.466185 38.826479 -5.611804 -0.557529 0.360400 -0.455502 0.593119
4400.000000 41100.000000 -33.363820 39.851770 -5.838930 -0.567659 0.351085 -0.463030 0.583186
4400.000000 41000.000000 -29.416356 36.578096 -4.697706 0.598625 -0.330888 0.419736 -0.596643
4450.000000 41100.000000 -32.121688 38.517617 -5.450283 -0.540885 0.425813 -0.469309 0.553061
4450.000000 41200.000000 -31.395783 41.575449 -6.335490 -0.540420 0.408087 -0.470169 0.565997
4450.000000 41250.000000 -28.614491 38.250400 -5.680762 -0.561824 0.395062 -0.438604 0.579574
4500.000000 41200.000000 -28.659157 44.883640 -5.019636 0.448802 -0.498810 0.568503 -0.475993
4500.000000 41250.000000 -33.167775 47.060061 -4.588926 0.470800 -0.502424 0.552054 -0.470270
4500.000000 41400.000000 -32.145498 43.967322 -5.331651 0.487953 -0.482127 0.536327 -0.491740
4550.000000 41300.000000 -22.463178 40.921888 -4.328771 0.400317 -0.550493 0.595022 -0.427379
4550.000000 41500.000000 -32.854773 49.613891 -5.650693 0.390635 -0.563384 0.596339 -0.417591
4550.000000 41350.000000 -24.562338 43.149531 -4.749767 0.392119 -0.553628 0.602075 -0.421003
4600.000000 41300.000000 -19.663854 38.883075 -3.707057 0.402178 -0.558831 0.606994 -0.396888
4600.000000 41350.000000 -20.149956 39.330273 -3.907810 0.395660 -0.559321 0.612972 -0.393546
4600.000000 41400.000000 -20.639916 39.945014 -3.840848 0.393122 -0.569897 0.610096 -0.385298
4650.000000 41350.000000 -17.471214 37.386188 -3.378118 0.377956 -0.579829 0.611412 -0.383566
4650.000000 41400.000000 -17.625865 37.630335 -3.307804 0.372493 -0.591441 0.610721 -0.372111
4650.000000 41600.000000 -26.213489 42.237861 -4.693489 0.381512 -0.579685 0.610375 -0.381912
4700.000000 41400.000000 -15.512475 36.274626 -2.948487 0.370264 -0.590585 0.603811 -0.386685
4700.000000 41550.000000 -19.719493 39.790415 -4.282275 0.352721 -0.585192 0.622906 -0.380956
4700.000000 41350.000000 -15.424076 36.381343 -3.006062 0.370288 -0.581972 0.610596 -0.389060
4750.000000 41450.000000 -14.114426 35.390412 -2.856718 0.362826 -0.571225 0.623899 -0.390909
4750.000000 41550.000000 -17.716507 38.338223 -3.182277 0.354973 -0.580687 0.628754 -0.376120
4750.000000 41400.000000 -13.373696 35.013107 -2.680761 0.363891 -0.577868 0.620920 -0.384850
4800.000000 41500.000000 -12.646087 34.786956 -2.729541 0.357760 -0.575412 0.620518 -0.394800
4800.000000 41550.000000 -15.661711 37.184398 -2.806091 0.358626 -0.581726 0.619971 -0.385510
4800.000000 41600.000000 -15.734621 36.878681 -3.198943 0.366873 -0.570094 0.618751 -0.396918
4850.000000 41550.000000 -12.885719 36.214910 -2.629663 0.367778 -0.581247 0.626335 -0.366872
4850.000000 41500.000000 -10.947194 33.799937 -2.376409 0.386005 -0.569323 0.616738 -0.382759
4850.000000 41600.000000 -12.833131 35.241889 -2.658355 0.389693 -0.566355 0.615653 -0.385164
4900.000000 41550.000000 -9.507095 32.896454 -1.930872 0.370025 -0.595873 0.606415 -0.374538
4900.000000 41600.000000 -10.791262 34.461760 -2.398695 0.361679 -0.592727 0.616896 -0.370544
4900.000000 41650.000000 -9.458667 33.191266 -2.344697 0.363498 -0.586797 0.617376 -0.377339
4950.000000 41550.000000 -7.032434 31.402099 -1.580613 0.382318 -0.594304 0.606288 -0.364760
4950.000000 41650.000000 -7.007963 31.068188 -1.846694 0.379496 -0.582278 0.611760 -0.377736
4950.000000 41600.000000 -8.114793 32.752955 -1.875504 0.370386 -0.594827 0.616560 -0.358955
5000.000000 41650.000000 -5.191423 30.360790 -1.505313 0.345272 -0.596619 0.621172 -0.372798
5000.000000 41600.000000 -6.307355 32.099883 -1.723065 0.330046 -0.606284 0.629842 -0.356074
5000.000000 41700.000000 -4.854957 29.843737 -1.456135 0.351908 -0.594457 0.622484 -0.367824
5050.000000 41650.000000 -3.995976 29.536127 -1.334028 0.345032 -0.596247 0.637278 -0.345425
5050.000000 41600.000000 -3.680810 29.862085 -1.244180 0.328209 -0.613847 0.642744 -0.319924
5050.000000 41700.000000 -3.250661 28.817739 -1.223771 0.350612 -0.596784 0.638333 -0.336826
5100.000000 41700.000000 -1.512934 27.386841 -0.921095 0.243611 -0.633356 0.671536 -0.297579
5100.000000 41650.000000 -1.127923 27.025175 -0.826535 0.242901 -0.639855 0.664483 -0.300080
5100.000000 41600.000000 -1.105207 27.165041 -0.769952 0.247277 -0.643211 0.662515 -0.293612
5150.000000 41750.000000 -0.357916 25.586888 -0.728706 0.149485 -0.681216 0.696259 -0.169770
5150.000000 41700.000000 -0.118115 24.967389 -0.682183 0.140708 -0.680981 0.698577 -0.168687
5150.000000 41800.000000 -0.636558 26.247087 -0.788269 0.161845 -0.678834 0.693731 -0.178122
5200.000000 41850.000000 -0.118321 23.201541 -0.695238 0.006555 0.706383 -0.706195 0.047635
5200.000000 41800.000000 -0.128433 23.358800 -0.665768 0.001133 0.707776 -0.704526 0.051908
5200.000000 41750.000000 -0.017890 23.204663 -0.657764 -0.009475 -0.705944 0.706531 -0.048650
5250.000000 41850.000000 -0.286940 21.187996 -0.683274 0.035628 0.714471 -0.698706 -0.008398
5250.000000 41900.000000 -0.258382 22.118422 -0.753729 0.027549 0.708848 -0.704821 -0.001670
5250.000000 41800.000000 -0.259595 21.273720 -0.613051 0.032357 0.718530 -0.694727 -0.004718
5300.000000 41900.000000 -0.443969 20.222444 -0.669827 -0.076377 -0.703366 0.706008 0.031556
5300.000000 41950.000000 -0.502420 21.022764 -0.588495 0.073638 0.707268 -0.702519 -0.028565
5300.000000 41850.000000 -0.456043 20.359401 -0.477435 0.081601 0.713642 -0.695071 -0.030520
5350.000000 41950.000000 -0.934617 18.324565 -0.601116 0.071807 0.718827 -0.690191 -0.042054
5350.000000 41900.000000 -1.156283 17.311274 -0.645378 0.074052 0.719010 -0.690086 -0.036360
5350.000000 41850.000000 -1.193242 18.743073 -0.397380 0.062883 0.727513 -0.683054 -0.014422
5400.000000 41950.000000 -1.772088 15.197968 -0.667341 -0.130703 -0.679466 0.718354 0.072182
5400.000000 41900.000000 -1.352898 16.015358 -0.495495 -0.132774 -0.678892 0.718480 0.072547
5400.000000 41850.000000 -1.011667 19.230245 -0.457431 -0.132520 -0.683092 0.715108 0.066668
5450.000000 41950.000000 -2.314710 13.769690 -0.587143 0.104118 0.723437 -0.681703 -0.032859
5450.000000 41900.000000 -2.087676 16.697941 -0.496481 0.096801 0.718987 -0.687824 -0.024198
5450.000000 41850.000000 -0.625897 20.922178 -0.814838 0.106688 0.716553 -0.688108 -0.040960
5500.000000 41950.000000 -2.740288 11.188993 -0.697440 0.008080 0.713077 -0.700757 0.019892
5500.000000 41850.000000 -2.512952 13.592037 -0.497078 0.004656 0.716834 -0.696687 0.027456
5500.000000 41800.000000 -2.962951 12.292097 -0.737803 -0.009001 0.712758 -0.700325 0.037936
5550.000000 41750.000000 -1.028315 7.322444 -1.373849 0.139962 -0.659001 0.713706 -0.191711
5550.000000 41800.000000 -2.037584 11.735518 -0.730495 0.183698 -0.668441 0.694529 -0.192539
5550.000000 41850.000000 -1.400474 12.625766 -0.707960 0.164417 -0.669747 0.698879 -0.189667
5600.000000 41700.000000 -4.411211 9.680638 -0.847120 0.310269 -0.599743 0.653991 -0.341083
5600.000000 41750.000000 0.250681 7.458060 -1.820447 0.328023 -0.560302 0.659289 -0.379211
5600.000000 41650.000000 0.504833 17.243618 0.489423 -0.119481 0.707575 -0.670509 0.188361
5650.000000 41700.000000 -1.907151 8.926381 0.008580 0.326503 -0.604369 0.626316 -0.368594
5650.000000 41750.000000 1.550268 7.571065 -1.077482 0.355980 -0.557430 0.624008 -0.416130
5650.000000 41650.000000 2.520268 17.185447 0.112062 -0.087618 0.704682 -0.671693 0.211126
5700.000000 41700.000000 0.420000 8.232171 0.445734 0.265443 -0.640440 0.653905 -0.302961
5700.000000 41750.000000 6.300735 7.870141 0.062463 0.216457 -0.642302 0.669964 -0.302890
5700.000000 41500.000000 10.707406 36.102572 1.763985 -0.234291 0.689768 -0.637404 0.251087
5750.000000 41750.000000 7.244855 8.081248 1.019547 0.155470 -0.676694 0.684346 -0.222677
5750.000000 41700.000000 0.778934 10.810911 -0.097713 0.211587 -0.633684 0.677701 -0.307240
5750.000000 41550.000000 9.079654 33.583030 2.155629 -0.248938 0.683762 -0.634196 0.261332
5800.000000 41750.000000 5.704944 6.324567 1.010780 0.110447 -0.684032 0.700104 -0.172498
5800.000000 41800.000000 6.759169 7.398279 0.251093 0.148709 -0.670639 0.697814 -0.202941
5800.000000 41700.000000 1.724649 10.599812 0.329261 0.066008 -0.679014 0.712648 -0.163448
5850.000000 41800.000000 -0.058184 18.780991 -1.683925 0.115258 -0.647237 0.741337 -0.134977
5850.000000 41750.000000 5.861823 4.093082 1.934528 -0.044807 0.718236 -0.694316 0.007334
5850.000000 41950.000000 -0.492834 13.371418 -0.437102 0.091257 -0.695198 0.706592 -0.095389
5900.000000 41800.000000 0.279366 18.624853 0.427974 0.050821 0.730878 -0.665403 0.143085
5900.000000 41950.000000 -0.513695 17.708210 -1.112197 -0.018182 -0.704277 0.709648 0.007979
5900.000000 41900.000000 -1.482335 24.399222 -0.957600 -0.039774 0.710642 -0.702051 0.023041
5950.000000 41850.000000 2.030604 15.979349 0.688294 0.104161 0.737039 -0.646671 -0.166556
5950.000000 41800.000000 0.571214 23.101046 -0.096039 0.065153 0.713566 -0.696587 -0.036683
5950.000000 41950.000000 -0.830996 12.584192 -0.674055 -0.124147 -0.691052 0.709250 -0.063241
