4000.000000 40850.000000 -51.851745 33.582754 -5.303748 0.705839 -0.154406 0.254839 -0.642656
4000.000000 40800.000000 -76.543575 52.417251 -4.182492 0.654046 -0.362489 0.449611 -0.488543
4000.000000 40900.000000 -33.519281 25.225734 -5.363927 0.718310 0.046775 0.085491 -0.688865
4050.000000 40850.000000 -45.766437 16.625256 1.267521 0.773687 -0.024005 0.152150 -0.614559
4050.000000 40900.000000 -26.203111 35.288929 -15.074120 -0.537446 -0.111065 -0.092302 0.830841
4050.000000 40800.000000 -43.308607 17.090671 -0.606370 0.759152 0.003444 0.159503 -0.631058
4100.000000 40850.000000 -47.528811 21.519638 -0.641195 0.769216 -0.048415 0.218499 -0.598516
4100.000000 40800.000000 -48.330114 33.776572 -5.154936 0.682182 -0.168933 0.227048 -0.674195
4100.000000 40900.000000 -30.833002 33.495022 -6.185652 -0.685351 -0.039691 -0.106825 0.719241
4150.000000 40850.000000 -41.571762 22.593769 -1.551654 0.753452 -0.070776 0.133277 -0.639951
4150.000000 40900.000000 -26.027335 38.895963 -13.088738 -0.552546 -0.062515 -0.091890 0.826039
4150.000000 40750.000000 -33.387357 24.105356 -2.317411 0.752650 -0.001805 0.088646 -0.652424
4200.000000 40900.000000 -21.435506 52.728606 -10.393853 -0.257508 -0.015544 -0.126681 0.957810
4200.000000 40850.000000 -36.290360 30.967927 -4.391367 0.718101 -0.105910 0.189576 -0.661192
4200.000000 40950.000000 -29.126287 35.944343 -5.299180 -0.695763 0.063305 -0.154404 0.698618
4250.000000 40950.000000 -28.306242 37.313865 -5.312384 -0.668680 0.117132 -0.192263 0.708648
4250.000000 40900.000000 -39.039640 25.377114 -3.876103 0.703646 -0.143034 0.219907 -0.660351
4250.000000 40850.000000 -33.618203 32.313924 -4.346753 0.697899 -0.140625 0.215524 -0.668365
4300.000000 41000.000000 -28.866639 37.934456 -5.244788 0.671377 -0.172688 0.295061 -0.657549
4300.000000 40950.000000 -68.067480 11.288231 8.697747 0.779909 -0.234462 0.302547 -0.495212
4300.000000 40900.000000 -32.784582 32.341922 -4.522843 0.697698 -0.172512 0.281802 -0.635645
4350.000000 41000.000000 -9.152494 44.242873 -9.040843 -0.401013 0.005221 0.155850 0.902703
4350.000000 41050.000000 -24.441079 36.105149 -5.488232 -0.633857 0.232298 -0.335145 0.657223
4350.000000 40950.000000 -32.193926 35.054709 -4.206521 0.651512 -0.298554 0.363799 -0.595019
4400.000000 41050.000000 -21.719350 36.168486 -4.338112 -0.616689 0.273525 -0.373232 0.636849
4400.000000 41100.000000 -24.231323 33.588675 -4.371412 0.629316 -0.275766 0.375982 -0.621733
4400.000000 41000.000000 -32.465715 39.821790 -4.137465 0.581487 -0.396037 0.456994 -0.544229
4450.000000 41100.000000 -22.028338 34.899655 -3.914109 0.598206 -0.373539 0.403486 -0.582938
4450.000000 41200.000000 -24.053550 38.980888 -4.381161 -0.548140 0.422903 -0.436257 0.574783
4450.000000 41250.000000 -25.688551 38.994703 -4.532328 0.561381 -0.421833 0.449130 -0.552441
4500.000000 41200.000000 -21.872730 36.764274 -4.039093 -0.507401 0.448896 -0.494034 0.544947
4500.000000 41250.000000 -24.020566 38.885287 -3.964600 0.508496 -0.470063 0.522176 -0.497800
4500.000000 41400.000000 -25.495966 34.188642 -4.069315 0.569232 -0.414006 0.487448 -0.516690
4550.000000 41300.000000 -22.935661 44.095624 -3.226779 0.385560 -0.590136 0.602339 -0.374527
4550.000000 41500.000000 -28.287703 44.564357 -2.950980 0.418970 -0.570124 0.576242 -0.409107
4550.000000 41350.000000 -25.115458 45.327634 -3.289682 0.400753 -0.578927 0.598135 -0.382720
4600.000000 41300.000000 -20.318752 42.427619 -3.091624 0.375755 -0.596654 0.624003 -0.336797
4600.000000 41350.000000 -20.507280 41.251032 -2.949016 0.397825 -0.584627 0.614844 -0.349161
4600.000000 41400.000000 -21.757464 41.405704 -2.992415 0.394767 -0.586562 0.603320 -0.368930
4650.000000 41350.000000 -17.814458 40.586283 -2.904580 0.350143 -0.612424 0.633506 -0.317816
4650.000000 41400.000000 -18.073325 39.468641 -2.871009 0.354421 -0.613256 0.617452 -0.342133
4650.000000 41600.000000 -33.709535 52.065060 0.599130 -0.387304 0.631541 -0.590463 0.320164
4700.000000 41400.000000 -16.177357 38.278094 -2.811630 0.346978 -0.609620 0.617896 -0.355210
4700.000000 41550.000000 -20.315927 40.864716 -1.598073 -0.372222 0.615377 -0.600855 0.348905
4700.000000 41350.000000 -15.414785 39.255513 -2.450354 0.342242 -0.619478 0.634806 -0.310062
4750.000000 41450.000000 -15.022376 37.109544 -2.293555 0.360284 -0.588249 0.629905 -0.356901
4750.000000 41550.000000 -25.128001 46.149561 -0.112822 -0.365571 0.617422 -0.616311 0.324514
4750.000000 41400.000000 -13.723152 37.173259 -2.991774 0.323109 -0.598243 0.648101 -0.343031
4800.000000 41500.000000 -13.970336 36.553845 -1.972711 0.357171 -0.595423 0.618884 -0.367265
4800.000000 41550.000000 -15.011715 36.644560 -1.584912 0.374191 -0.593336 0.606603 -0.374119
4800.000000 41600.000000 -30.761685 46.539188 1.937099 -0.402053 0.611660 -0.571716 0.370631
4850.000000 41550.000000 -26.327020 46.008776 7.100380 -0.442189 0.650463 -0.533043 0.311820
4850.000000 41500.000000 -11.953226 35.066039 -1.606564 0.387284 -0.589268 0.610594 -0.360485
4850.000000 41600.000000 -22.751157 47.458998 2.591280 -0.390348 0.637144 -0.584428 0.316418
4900.000000 41550.000000 -10.442025 33.886924 -1.022296 -0.379529 0.612203 -0.596816 0.353519
4900.000000 41600.000000 -15.529239 43.617633 3.278846 -0.359423 0.682006 -0.578321 0.266886
4900.000000 41650.000000 -29.115377 50.059721 63.465341 -0.467850 0.836720 -0.212474 0.189395
4950.000000 41550.000000 -5.482271 42.407614 2.862071 -0.301281 0.728855 -0.610943 0.068915
4950.000000 41650.000000 -0.802170 26.372469 -1.956176 0.316785 -0.575257 0.636812 -0.403978
4950.000000 41600.000000 -84.260410 425.329219 1420.665561 -0.509207 0.853668 -0.100047 0.044156
5000.000000 41650.000000 -1309.413712 -319.827510 4533.660335 -0.493828 0.832007 -0.019466 0.252031
5000.000000 41600.000000 -3.153793 38.468218 2.029675 -0.272322 0.722590 -0.620448 0.136927
5000.000000 41700.000000 -2.870767 27.966959 -1.274235 0.336305 -0.605355 0.625856 -0.358814
5050.000000 41650.000000 -50.452429 60.604926 74.394149 -0.517607 0.765319 -0.308245 0.226617
5050.000000 41600.000000 -4.053257 30.288739 -0.212420 -0.341157 0.637365 -0.622745 0.299275
5050.000000 41700.000000 -1.635159 27.187919 -1.038131 0.337800 -0.610430 0.640608 -0.320761
5100.000000 41700.000000 -0.621801 25.722635 -0.962612 0.248269 -0.629958 0.668631 -0.307324
5100.000000 41650.000000 -1.842784 28.529162 -0.319122 0.235291 -0.659307 0.666608 -0.256097
5100.000000 41600.000000 -1.524907 28.186656 -0.408957 0.232987 -0.659975 0.666199 -0.257544
5150.000000 41750.000000 0.050195 24.212255 -0.948865 0.136424 -0.677169 0.704628 -0.162266
5150.000000 41700.000000 0.959496 29.004642 2.456689 -0.116909 0.772335 -0.623706 -0.028657
5150.000000 41800.000000 -0.186213 24.257458 -0.743146 0.143863 -0.689056 0.694632 -0.148295
5200.000000 41850.000000 -0.528833 20.894288 -1.920642 -0.065845 -0.661824 0.740582 -0.095875
5200.000000 41800.000000 -0.163901 21.252855 -1.093974 -0.031666 -0.694539 0.717657 -0.039763
5200.000000 41750.000000 2.981341 29.042882 3.739693 0.036083 0.781990 -0.611278 -0.116316
5250.000000 41850.000000 -1.212382 21.909809 -4.171167 -0.209364 -0.579605 0.751986 -0.233969
5250.000000 41900.000000 -0.875620 18.658917 -1.888917 -0.115189 -0.664990 0.736558 -0.044754
5250.000000 41800.000000 -0.214908 19.726492 -0.546589 0.035890 0.718510 -0.693503 -0.038847
5300.000000 41900.000000 -1.180607 16.660832 -1.601456 -0.144897 -0.666441 0.731042 0.020919
5300.000000 41950.000000 -1.670319 15.788338 -2.023601 -0.119975 -0.669506 0.732942 0.012762
5300.000000 41850.000000 -0.489692 19.246746 -0.101087 0.049110 0.724338 -0.683692 -0.074083
5350.000000 41950.000000 -1.520721 14.854281 -1.321239 -0.135110 -0.699694 0.699743 0.050342
5350.000000 41900.000000 -1.248976 15.556121 -0.246128 0.027068 0.741607 -0.660205 -0.115823
5350.000000 41850.000000 -1.499313 18.826170 -0.083419 0.017136 0.734623 -0.678167 -0.011148
5400.000000 41950.000000 -5.153709 10.663995 -1.111097 -0.068573 -0.681771 0.727901 -0.025430
5400.000000 41900.000000 -2.199711 13.689249 -0.899082 -0.144148 -0.675402 0.720705 0.060311
5400.000000 41850.000000 -1.160443 17.323835 -0.265788 -0.146180 -0.691040 0.704604 0.068033
5450.000000 41950.000000 -2.909397 11.767660 -3.100340 -0.175623 -0.632118 0.753903 -0.034845
5450.000000 41900.000000 -2.612766 11.880143 -0.968635 0.123065 0.712760 -0.689481 -0.038009
5450.000000 41850.000000 66.232849 45.175330 12.144853 0.389294 0.656719 -0.567290 -0.308793
5500.000000 41950.000000 -2.970534 10.686370 -0.981157 -0.022900 -0.701557 0.711511 -0.032334
5500.000000 41850.000000 -2.866854 10.045795 -1.316505 -0.023146 -0.695753 0.717498 -0.024252
5500.000000 41800.000000 -2.673644 9.338603 -1.259825 -0.020338 -0.699902 0.713716 -0.018282
5550.000000 41750.000000 0.090061 3.097801 -1.943965 0.112433 -0.643790 0.720287 -0.232550
5550.000000 41800.000000 -2.011108 10.854579 -0.816376 0.138951 -0.669863 0.702644 -0.195621
5550.000000 41850.000000 -3.048757 13.650577 -0.459833 0.167294 -0.674420 0.693268 -0.191180
5600.000000 41700.000000 -6.108593 11.764951 1.680889 -0.321540 0.665902 -0.608819 0.287275
5600.000000 41750.000000 -1.414665 5.725262 -1.146864 0.339932 -0.582553 0.637220 -0.372865
5600.000000 41650.000000 5.148596 16.129082 0.227481 -0.081396 0.711915 -0.678899 0.160147
5650.000000 41700.000000 -4.817588 11.846326 3.278284 -0.346881 0.684397 -0.573446 0.287113
5650.000000 41750.000000 0.529324 6.304057 -1.279224 0.346925 -0.563519 0.621629 -0.419127
5650.000000 41650.000000 4.760543 15.313808 0.307276 -0.117465 0.709788 -0.658935 0.219564
5700.000000 41700.000000 1.024327 7.225089 0.192314 -0.278637 0.652222 -0.636570 0.302896
5700.000000 41750.000000 4.539534 13.042350 0.297409 -0.179913 0.691794 -0.670916 0.197291
5700.000000 41500.000000 16.016389 31.963015 2.422199 -0.212281 0.731611 -0.622222 0.180338
5750.000000 41750.000000 7.055118 6.006303 0.894434 -0.129545 0.687340 -0.682980 0.210523
5750.000000 41700.000000 4.431860 10.217736 0.784762 -0.121433 0.702068 -0.669792 0.209128
5750.000000 41550.000000 16.518480 26.561039 1.252628 -0.115425 0.681555 -0.678731 0.247960
5800.000000 41750.000000 3.877204 2.449762 0.734470 0.117101 -0.671252 0.693654 -0.233564
5800.000000 41800.000000 4.315358 3.307723 0.385181 0.120423 -0.681898 0.693897 -0.197535
5800.000000 41700.000000 3.005953 9.036207 0.305452 0.084871 -0.692137 0.694796 -0.176074
5850.000000 41800.000000 -0.839968 17.424972 -0.732960 0.113126 -0.690610 0.704154 -0.120113
5850.000000 41750.000000 2.031657 -0.642767 0.523110 -0.043933 0.702447 -0.694015 0.151598
5850.000000 41950.000000 -0.888633 12.448836 -0.302588 -0.076027 0.714505 -0.690882 0.079908
5900.000000 41800.000000 -0.040654 15.887896 -0.309400 -0.022932 0.722454 -0.690406 -0.029563
5900.000000 41950.000000 -6.825930 0.704918 -0.807460 -0.015890 -0.652580 0.751494 -0.095627
5900.000000 41900.000000 -0.710704 15.631791 -1.175943 0.004837 0.709353 -0.704815 -0.005542
5950.000000 41850.000000 -0.388268 13.928379 -0.481054 -0.093861 -0.700890 0.706284 0.033267
5950.000000 41800.000000 -1.712107 21.518427 1.507413 0.309377 0.698079 -0.571587 -0.300433
5950.000000 41950.000000 -1.835432 12.179141 -0.552025 -0.097204 -0.700982 0.705275 0.041985
