4000.000000 40850.000000 -38.120414 21.384787 -5.602073 0.722400 0.017337 0.116381 -0.681390
4000.000000 40800.000000 -38.976734 21.312783 -4.915010 0.725923 0.007949 0.126425 -0.676009
4000.000000 40900.000000 -34.740238 24.150075 -5.197045 0.720396 0.026905 0.094186 -0.686611
4050.000000 40850.000000 -40.672156 26.290259 -6.025648 0.702676 -0.034064 0.167774 -0.690607
4050.000000 40900.000000 -34.825044 26.976631 -5.381110 0.704245 0.012531 0.115069 -0.700458
4050.000000 40800.000000 -37.620858 25.215467 -2.719503 0.734593 -0.004060 0.132254 -0.665481
4100.000000 40850.000000 -38.138098 29.668993 -4.813368 0.710726 -0.039732 0.149832 -0.686178
4100.000000 40800.000000 -38.118407 28.944402 -3.550267 0.723375 -0.035230 0.145610 -0.674007
4100.000000 40900.000000 -34.078401 31.331596 -6.713172 -0.682380 -0.000285 -0.128760 0.719568
4150.000000 40850.000000 -36.813971 33.443467 -5.122207 0.706706 -0.083960 0.167279 -0.682301
4150.000000 40900.000000 -34.547120 34.154070 -7.311364 -0.675460 0.054146 -0.166173 0.716385
4150.000000 40750.000000 -29.344783 28.118917 1.121731 0.787922 0.006152 0.026686 -0.615165
4200.000000 40900.000000 -35.717691 34.638158 -5.022785 0.698051 -0.135836 0.229363 -0.664580
4200.000000 40850.000000 -36.995980 32.934562 -6.692633 0.684071 -0.124583 0.224119 -0.682860
4200.000000 40950.000000 -29.404744 37.134596 -6.966165 -0.660567 0.067892 -0.175672 0.726761
4250.000000 40950.000000 -29.704926 39.657858 -6.429007 -0.632111 0.144982 -0.259666 0.715534
4250.000000 40900.000000 -32.077848 37.488818 -5.436738 -0.659743 0.169272 -0.261373 0.683937
4250.000000 40850.000000 -29.988876 38.448077 -6.674770 -0.637088 0.143876 -0.241031 0.717860
4300.000000 41000.000000 -33.891922 37.089407 -3.809789 0.690724 -0.224068 0.328294 -0.604083
4300.000000 40950.000000 -30.760178 39.340378 -5.127848 0.657825 -0.224598 0.332763 -0.637252
4300.000000 40900.000000 -30.615458 36.894514 -4.104531 0.690534 -0.194309 0.319260 -0.619257
4350.000000 41000.000000 -29.735976 40.053179 -4.346292 0.624645 -0.324780 0.408952 -0.580599
4350.000000 41050.000000 -29.958100 38.303026 -3.915485 0.639499 -0.308670 0.388272 -0.587374
4350.000000 40950.000000 -29.249031 39.194373 -3.123964 0.648409 -0.320339 0.394485 -0.566860
4400.000000 41050.000000 -25.418354 40.989016 -5.500707 -0.542440 0.372656 -0.438655 0.611938
4400.000000 41100.000000 -30.559572 34.385615 -2.516752 0.644209 -0.330471 0.394070 -0.566120
4400.000000 41000.000000 -28.201870 38.004747 -2.927108 0.621983 -0.348597 0.436742 -0.548519
4450.000000 41100.000000 -26.115693 30.918253 -2.638036 0.640980 -0.358860 0.383359 -0.559821
4450.000000 41200.000000 -17.026893 43.942146 -2.559791 0.528684 -0.475472 0.523122 -0.469855
4450.000000 41250.000000 -12.151409 40.950375 -2.007313 0.524291 -0.464897 0.486934 -0.521427
4500.000000 41200.000000 -20.263732 42.105767 -2.442597 0.479385 -0.517509 0.553792 -0.442367
4500.000000 41250.000000 -21.197526 43.897326 -1.978145 0.472661 -0.529828 0.548836 -0.441195
4500.000000 41400.000000 -25.649138 38.485693 -1.518437 0.512072 -0.496448 0.502432 -0.488756
4550.000000 41300.000000 -21.158137 38.772101 -3.456783 0.415394 -0.555492 0.577672 -0.430315
4550.000000 41500.000000 -23.474355 40.672968 -1.323415 -0.421727 0.576249 -0.561270 0.418401
4550.000000 41350.000000 -21.085459 40.046562 -3.106304 0.413068 -0.566530 0.582831 -0.410763
4600.000000 41300.000000 -19.511365 38.141090 -3.244776 0.411324 -0.564984 0.599282 -0.390470
4600.000000 41350.000000 -17.677313 37.336276 -3.208256 0.401848 -0.567580 0.604783 -0.388083
4600.000000 41400.000000 -19.028105 38.407013 -2.496795 0.410852 -0.580840 0.595553 -0.373018
4650.000000 41350.000000 -16.430813 36.156983 -2.936157 0.377922 -0.587885 0.605658 -0.380453
4650.000000 41400.000000 -17.687646 37.235045 -2.714759 0.379900 -0.599367 0.603303 -0.363951
4650.000000 41600.000000 -20.662815 36.168139 -2.352719 0.398488 -0.586918 0.587718 -0.389002
4700.000000 41400.000000 -15.546051 35.929385 -2.433533 -0.375194 0.599595 -0.597337 0.378026
4700.000000 41550.000000 -14.638729 35.862016 -2.096389 -0.368839 0.602611 -0.602007 0.372028
4700.000000 41350.000000 -13.840411 35.128140 -2.661967 0.368418 -0.589535 0.608316 -0.382973
4750.000000 41450.000000 -13.125493 34.468647 -2.251457 0.367071 -0.580764 0.617704 -0.382639
4750.000000 41550.000000 -13.897550 36.290126 -1.238268 0.360918 -0.608031 0.611817 -0.354566
4750.000000 41400.000000 -13.595008 34.707103 -2.287977 0.366713 -0.586896 0.614618 -0.378577
4800.000000 41500.000000 -11.576754 33.987198 -1.933462 0.363287 -0.588368 0.613358 -0.381626
4800.000000 41550.000000 -12.630311 35.083268 -0.785494 -0.381391 0.605740 -0.595554 0.364604
4800.000000 41600.000000 -12.573064 33.576842 -1.771237 0.374019 -0.582623 0.601899 -0.397967
4850.000000 41550.000000 -10.424447 34.522797 -0.992012 -0.375456 0.610830 -0.604574 0.347000
4850.000000 41500.000000 -9.402617 32.292760 -1.476426 0.398286 -0.581674 0.601582 -0.375664
4850.000000 41600.000000 -10.524840 32.137545 -1.599295 0.396485 -0.574895 0.598080 -0.393186
4900.000000 41550.000000 -8.394524 32.052535 -1.170004 -0.380408 0.609970 -0.594955 0.359520
4900.000000 41600.000000 -9.186069 32.746690 -1.262862 -0.365800 0.610611 -0.600245 0.364761
4900.000000 41650.000000 -7.283675 31.370692 -1.913837 0.357629 -0.596570 0.614551 -0.372200
4950.000000 41550.000000 -6.122782 30.501078 -1.124242 -0.384952 0.607801 -0.597485 0.354120
4950.000000 41650.000000 -6.086965 30.522402 -1.537505 0.371223 -0.595732 0.610101 -0.367524
4950.000000 41600.000000 -7.075681 31.264819 -0.964823 -0.374084 0.611566 -0.599939 0.355137
5000.000000 41650.000000 -4.374437 29.517636 -1.275405 0.338692 -0.606296 0.618862 -0.367018
5000.000000 41600.000000 -5.093015 30.171964 -0.807547 -0.340162 0.621777 -0.610130 0.354154
5000.000000 41700.000000 -3.862350 28.610637 -1.597661 0.335389 -0.597158 0.626893 -0.371377
5050.000000 41650.000000 -3.102717 28.817224 -0.829948 0.343171 -0.614094 0.629572 -0.329789
5050.000000 41600.000000 -2.240743 28.131659 -0.812868 0.334270 -0.622957 0.632311 -0.316814
5050.000000 41700.000000 -2.397236 27.739719 -1.210488 0.332625 -0.604860 0.639707 -0.338053
5100.000000 41700.000000 -0.014118 25.868923 -0.782450 0.228007 -0.642245 0.676906 -0.278086
5100.000000 41650.000000 0.091276 25.857918 -0.866452 0.227388 -0.640857 0.673193 -0.290531
5100.000000 41600.000000 -0.719639 26.561363 -0.848512 0.233856 -0.645933 0.667230 -0.287899
5150.000000 41750.000000 -0.019392 24.245733 -0.742006 0.136409 -0.683572 0.698113 -0.163585
5150.000000 41700.000000 0.593423 23.882442 -0.751998 0.124258 -0.681875 0.703384 -0.157662
5150.000000 41800.000000 -0.584013 26.209214 -0.463090 0.123407 -0.687550 0.692337 -0.180875
5200.000000 41850.000000 -0.466185 21.153888 -0.911088 -0.020155 -0.705313 0.707354 -0.042174
5200.000000 41800.000000 -0.450923 23.808375 -0.465159 0.021848 0.711102 -0.700146 0.060439
5200.000000 41750.000000 0.360743 21.491719 -0.737209 -0.022975 -0.704725 0.708558 -0.027941
5250.000000 41850.000000 -0.538513 19.340164 -0.837897 0.052988 0.716253 -0.695465 -0.022396
5250.000000 41900.000000 -0.857087 20.090303 -0.732399 0.054137 0.713886 -0.698154 0.004075
5250.000000 41800.000000 -0.081024 22.410826 -0.172052 0.054147 0.726757 -0.684336 -0.024035
5300.000000 41900.000000 -0.533992 19.267902 -0.353552 0.107881 0.713244 -0.691146 -0.044306
5300.000000 41950.000000 -1.856588 15.440432 -0.835240 0.097694 0.712071 -0.694564 -0.031498
5300.000000 41850.000000 -0.140274 16.515354 -0.647565 0.107582 0.715959 -0.684239 -0.087442
5350.000000 41950.000000 -1.904251 14.398621 -0.865443 0.091149 0.722168 -0.683599 -0.053454
5350.000000 41900.000000 -1.059097 16.968713 -0.523301 0.093377 0.722503 -0.682707 -0.056403
5350.000000 41850.000000 0.235400 13.264797 -0.525643 0.123754 0.726746 -0.663474 -0.127779
5400.000000 41950.000000 -4.059730 9.307526 -1.214195 -0.136755 -0.669752 0.728289 0.048226
5400.000000 41900.000000 -1.643487 9.874186 -1.136207 -0.186121 -0.656380 0.718864 0.133265
5400.000000 41850.000000 -2.987432 7.798498 -1.831013 -0.190518 -0.601201 0.746917 0.210655
5450.000000 41950.000000 -3.174724 10.461613 -0.904836 0.119624 0.721677 -0.680455 -0.043066
5450.000000 41900.000000 -2.173501 11.164881 -0.542838 0.132638 0.719932 -0.678720 -0.058688
5450.000000 41850.000000 1.107952 4.422457 -3.086066 -0.288682 -0.539599 0.713339 0.341530
5500.000000 41950.000000 -2.468296 8.203327 -0.689727 0.043236 0.714077 -0.698298 -0.024596
5500.000000 41850.000000 -1.974301 10.294866 -0.050921 0.036692 0.725438 -0.687250 -0.008991
5500.000000 41800.000000 -2.462525 14.556404 -0.410959 0.027186 0.721796 -0.691570 -0.001463
5550.000000 41750.000000 1.411835 5.062908 0.020223 0.113714 -0.665367 0.717754 -0.170835
5550.000000 41800.000000 -2.670041 11.922771 -0.320026 0.149109 -0.685147 0.686138 -0.193791
5550.000000 41850.000000 1.738319 7.486748 0.891620 -0.145797 0.714042 -0.683196 0.046160
5600.000000 41700.000000 3.759978 6.125451 0.980866 0.323667 -0.603715 0.643337 -0.341885
5600.000000 41750.000000 4.285416 4.135428 -0.566949 0.319290 -0.535055 0.686236 -0.375300
5600.000000 41650.000000 5.504067 10.722104 1.211436 -0.191623 0.692044 -0.653459 0.239472
5650.000000 41700.000000 6.233770 6.434306 0.976390 0.304210 -0.587873 0.675886 -0.324097
5650.000000 41750.000000 2.227310 6.475101 -0.669219 0.333677 -0.575626 0.634601 -0.393188
5650.000000 41650.000000 10.780878 14.264706 0.354532 -0.031924 -0.690395 0.720995 -0.050030
5700.000000 41700.000000 6.697374 4.082221 1.418141 0.275265 -0.636577 0.648706 -0.313335
5700.000000 41750.000000 6.029510 6.303657 -0.118908 0.185723 -0.646169 0.685064 -0.280464
5700.000000 41500.000000 16.293810 29.785086 1.472159 -0.186747 0.703545 -0.651828 0.212768
5750.000000 41750.000000 7.573517 5.938497 1.039267 0.104563 -0.676224 0.717455 -0.130559
5750.000000 41700.000000 4.821485 8.303790 0.847548 -0.452429 0.244031 -0.551947 0.656591
5750.000000 41550.000000 12.814789 27.938912 2.794639 -0.275016 0.715179 -0.603844 0.219677
5800.000000 41750.000000 4.605431 3.646079 1.114692 -0.134631 0.718492 -0.676225 0.091455
5800.000000 41800.000000 5.746523 0.715541 1.129685 -0.107187 0.697501 -0.692603 0.149346
5800.000000 41700.000000 2.018690 10.956241 -3.277349 -0.045219 -0.533119 0.702900 -0.468690
5850.000000 41800.000000 -0.775542 15.805441 -0.835025 0.073289 -0.671438 0.725712 -0.130926
5850.000000 41750.000000 3.990952 -0.526970 1.960161 -0.298793 0.553230 0.693744 -0.351252
5850.000000 41950.000000 -0.532737 2.365046 0.617601 0.006245 0.711656 -0.702363 0.013889
5900.000000 41800.000000 1.383093 12.243610 0.375938 0.095888 0.731131 -0.672959 0.058126
5900.000000 41950.000000 -12.328016 3.035364 -1.227502 0.251037 -0.630773 0.690015 -0.250968
5900.000000 41900.000000 -1.985396 19.251061 1.565933 -0.003362 0.746312 -0.665149 0.024176
5950.000000 41850.000000 0.442847 5.333747 0.726673 0.149719 0.739794 -0.625276 -0.198290
5950.000000 41800.000000 4.794190 8.986528 -0.433898 -0.274150 -0.651447 0.675812 0.209134
5950.000000 41950.000000 -4.575984 3.163676 -0.164144 -0.109538 -0.674049 0.717268 -0.138514
