4000.000000 40850.000000 -34.507531 23.852707 -5.156130 0.719995 0.034862 0.085578 -0.687799
4000.000000 40800.000000 -34.524431 24.126567 -5.158030 0.717168 0.034782 0.090440 -0.690131
4000.000000 40900.000000 -34.550362 23.733520 -5.178468 0.718956 0.031989 0.087882 -0.688734
4050.000000 40850.000000 -34.227451 26.078138 -5.214460 0.706577 0.021623 0.100688 -0.700103
4050.000000 40900.000000 -34.405094 25.698832 -5.090542 0.707140 0.017496 0.102433 -0.699396
4050.000000 40800.000000 -34.117851 26.085594 -5.106479 0.704478 0.021862 0.102317 -0.701972
4100.000000 40850.000000 -34.347740 28.237433 -5.154734 0.705443 0.003392 0.098938 -0.701819
4100.000000 40800.000000 -33.690624 28.100794 -5.011425 0.703963 0.011590 0.096666 -0.703532
4100.000000 40900.000000 -32.200704 26.673639 -4.736923 0.709745 0.029230 0.074079 -0.699942
4150.000000 40850.000000 -34.048653 30.406636 -5.117503 0.711675 -0.036368 0.114946 -0.692086
4150.000000 40900.000000 -31.819259 29.021800 -4.753968 0.716867 -0.006485 0.092037 -0.691079
4150.000000 40750.000000 -33.817305 30.393343 -5.101029 0.715661 -0.035372 0.113733 -0.688217
4200.000000 40900.000000 -33.280863 32.529836 -5.090375 0.703662 -0.095170 0.182095 -0.680179
4200.000000 40850.000000 -33.085674 32.711628 -5.113086 0.704869 -0.090827 0.176411 -0.681020
4200.000000 40950.000000 -33.527637 32.391694 -4.998491 0.703595 -0.099695 0.179080 -0.680401
4250.000000 40950.000000 -32.284683 34.696527 -4.984797 -0.676531 0.151718 -0.228386 0.683467
4250.000000 40900.000000 -31.942391 34.760937 -5.042424 -0.677372 0.144993 -0.230378 0.683425
4250.000000 40850.000000 -31.948343 34.894406 -5.014905 -0.679630 0.143158 -0.225473 0.683206
4300.000000 41000.000000 -31.287823 36.404755 -5.039880 0.678093 -0.188453 0.305350 -0.641434
4300.000000 40950.000000 -30.748882 36.792909 -5.000785 0.674357 -0.195726 0.304745 -0.643479
4300.000000 40900.000000 -28.985222 34.622272 -4.932596 0.687787 -0.151129 0.278344 -0.653172
4350.000000 41000.000000 -29.045025 38.035062 -4.929042 0.629610 -0.295536 0.379466 -0.610128
4350.000000 41050.000000 -29.274007 37.705857 -4.944819 0.628232 -0.294691 0.382772 -0.609891
4350.000000 40950.000000 -28.250842 37.237098 -4.868613 0.634392 -0.288226 0.365935 -0.616899
4400.000000 41050.000000 -26.749590 39.445355 -4.776127 -0.573199 0.361530 -0.437638 0.590941
4400.000000 41100.000000 -27.249028 38.862479 -4.487394 0.591093 -0.352597 0.435122 -0.580477
4400.000000 41000.000000 -26.610822 39.011143 -4.549938 -0.586116 0.352283 -0.430485 0.589108
4450.000000 41100.000000 -24.895827 39.338163 -4.226021 0.552275 -0.438705 0.456688 -0.542187
4450.000000 41200.000000 -25.770746 38.810088 -4.369407 -0.550881 0.428883 -0.450347 0.556577
4450.000000 41250.000000 -25.468205 38.241213 -4.489894 0.557296 -0.422862 0.448306 -0.556445
4500.000000 41200.000000 -22.965645 39.017525 -4.043516 0.488176 -0.479114 0.531615 -0.499519
4500.000000 41250.000000 -23.351942 39.232882 -4.017950 0.490812 -0.482371 0.530883 -0.494556
4500.000000 41400.000000 -24.093967 39.063945 -3.952005 0.496335 -0.482550 0.527069 -0.492946
4550.000000 41300.000000 -21.314488 38.709799 -3.794031 0.417325 -0.548224 0.579061 -0.435866
4550.000000 41500.000000 -21.314914 38.755583 -3.775273 0.417281 -0.550613 0.579676 -0.432062
4550.000000 41350.000000 -21.292118 38.871825 -3.817689 0.415542 -0.547830 0.580939 -0.435565
4600.000000 41300.000000 -19.400570 37.953309 -3.451503 0.408379 -0.561561 0.600650 -0.396352
4600.000000 41350.000000 -19.277816 38.006957 -3.491160 0.406084 -0.560591 0.602720 -0.396942
4600.000000 41400.000000 -18.842971 37.292133 -3.311217 0.412242 -0.564002 0.596267 -0.395505
4650.000000 41350.000000 -17.327837 37.013813 -3.146126 0.375223 -0.587446 0.610233 -0.376472
4650.000000 41400.000000 -16.885126 36.349759 -3.036111 0.380307 -0.591749 0.605123 -0.372862
4650.000000 41600.000000 -17.158240 36.977350 -3.292388 0.374920 -0.588693 0.611366 -0.372970
4700.000000 41400.000000 -15.230672 35.505731 -2.756126 0.374436 -0.593011 0.601052 -0.383240
4700.000000 41550.000000 -14.944749 35.564155 -2.830194 0.372472 -0.589698 0.605610 -0.383090
4700.000000 41350.000000 -15.280594 35.888476 -2.813330 0.367975 -0.588739 0.606832 -0.386956
4750.000000 41450.000000 -13.400887 34.587025 -2.579639 0.363832 -0.576170 0.622037 -0.385649
4750.000000 41550.000000 -13.011801 34.401451 -2.524685 0.366122 -0.577750 0.622088 -0.381007
4750.000000 41400.000000 -13.494554 34.475827 -2.519436 0.366522 -0.581585 0.617518 -0.382219
4800.000000 41500.000000 -11.562944 33.463007 -2.326997 0.366743 -0.578343 0.612827 -0.394287
4800.000000 41550.000000 -11.412687 33.447601 -2.293154 0.369862 -0.577624 0.611943 -0.393801
4800.000000 41600.000000 -11.653467 33.736160 -2.380202 0.367189 -0.576861 0.613935 -0.394318
4850.000000 41550.000000 -9.654084 32.430664 -2.055115 0.391330 -0.572221 0.608953 -0.385488
4850.000000 41500.000000 -9.820497 32.471514 -2.070631 0.388277 -0.573399 0.609865 -0.385381
4850.000000 41600.000000 -9.889687 32.705669 -2.105732 0.389140 -0.571631 0.610857 -0.385567
4900.000000 41550.000000 -7.808877 31.507387 -1.801600 0.367853 -0.598021 0.607310 -0.371793
4900.000000 41600.000000 -7.901243 31.644339 -1.831917 0.365948 -0.596941 0.608787 -0.372989
4900.000000 41650.000000 -7.956186 31.839883 -1.928418 0.361604 -0.595262 0.612237 -0.374262
4950.000000 41550.000000 -6.123492 30.482552 -1.546317 0.373505 -0.599301 0.607716 -0.363336
4950.000000 41650.000000 -6.186973 30.726809 -1.623899 0.367914 -0.596164 0.612795 -0.365664
4950.000000 41600.000000 -6.176482 30.593418 -1.558296 0.372233 -0.597911 0.609620 -0.363744
5000.000000 41650.000000 -4.402566 29.633162 -1.344675 0.339796 -0.604602 0.621010 -0.365160
5000.000000 41600.000000 -4.465083 29.548540 -1.301470 0.344301 -0.606719 0.617421 -0.363512
5000.000000 41700.000000 -4.823367 30.236503 -1.375066 0.337381 -0.606273 0.626043 -0.355918
5050.000000 41650.000000 -2.716427 28.417842 -1.101664 0.338402 -0.608427 0.636287 -0.332326
5050.000000 41600.000000 -2.793065 28.375619 -1.091369 0.341951 -0.610682 0.633147 -0.330548
5050.000000 41700.000000 -2.947621 28.771791 -1.112954 0.335235 -0.609740 0.640698 -0.324562
5100.000000 41700.000000 -1.182952 27.108504 -0.846946 0.229147 -0.642803 0.674136 -0.282552
5100.000000 41650.000000 -1.106986 26.973396 -0.828257 0.230920 -0.644856 0.668568 -0.289573
5100.000000 41600.000000 -1.127343 26.915996 -0.853858 0.236389 -0.646229 0.667476 -0.284577
5150.000000 41750.000000 -0.274799 25.399115 -0.738580 0.136600 -0.684625 0.698102 -0.159004
5150.000000 41700.000000 -0.180057 25.008096 -0.712509 0.127929 -0.684204 0.700659 -0.156766
5150.000000 41800.000000 -0.289634 25.567245 -0.700828 0.139812 -0.687557 0.695438 -0.155192
5200.000000 41850.000000 0.018955 23.130069 -0.647819 0.020553 0.708779 -0.704327 0.033654
5200.000000 41800.000000 -0.040087 23.141588 -0.653535 0.016171 0.708998 -0.704143 0.035255
5200.000000 41750.000000 0.005417 23.072412 -0.685683 -0.022264 -0.706195 0.706803 -0.034963
5250.000000 41850.000000 -0.196021 21.008156 -0.656727 0.052427 0.715717 -0.695938 -0.025897
5250.000000 41900.000000 -0.234024 21.098225 -0.670947 0.048551 0.713296 -0.698949 -0.017922
5250.000000 41800.000000 -0.245504 21.074437 -0.658226 0.047542 0.715888 -0.696221 -0.022817
5300.000000 41900.000000 -0.580106 18.979102 -0.682750 0.097441 0.704901 -0.700653 -0.052006
5300.000000 41950.000000 -0.576055 18.955495 -0.676286 0.096077 0.705968 -0.699474 -0.055800
5300.000000 41850.000000 -0.577651 18.980300 -0.660749 0.101468 0.708033 -0.696441 -0.057999
5350.000000 41950.000000 -1.133096 16.954337 -0.713808 0.089660 0.716304 -0.689199 -0.062242
5350.000000 41900.000000 -1.128603 17.001598 -0.697423 0.090347 0.715889 -0.689866 -0.058524
5350.000000 41850.000000 -1.163793 17.024965 -0.718474 0.094156 0.718479 -0.686210 -0.063553
5400.000000 41950.000000 -1.864556 14.921702 -0.691977 -0.142856 -0.677448 0.716628 0.084265
5400.000000 41900.000000 -1.827821 14.915113 -0.670634 -0.144066 -0.677251 0.716717 0.083024
5400.000000 41850.000000 -1.932412 14.836541 -0.697413 -0.146875 -0.680309 0.712648 0.087977
5450.000000 41950.000000 -2.496154 13.078998 -0.683754 0.126030 0.719026 -0.681606 -0.050306
5450.000000 41900.000000 -2.491174 13.006632 -0.651375 0.124694 0.719182 -0.681708 -0.050028
5450.000000 41850.000000 -2.521383 13.019890 -0.676152 0.127639 0.723107 -0.676474 -0.056640
5500.000000 41950.000000 -2.884037 11.151063 -0.691284 0.020959 0.711980 -0.701860 0.006163
5500.000000 41850.000000 -3.035452 11.233289 -0.731793 0.024894 0.715266 -0.698366 0.007754
5500.000000 41800.000000 -2.922872 11.385571 -0.711435 0.021923 0.715745 -0.697993 0.005831
5550.000000 41750.000000 -2.505929 9.238710 -1.261638 0.147201 -0.663779 0.708583 -0.188783
5550.000000 41800.000000 -2.802790 10.172156 -0.782279 0.165897 -0.674806 0.697813 -0.173698
5550.000000 41850.000000 -1.484380 9.174860 -0.312749 0.144224 -0.680151 0.699369 -0.165760
5600.000000 41700.000000 -0.711488 9.217175 1.142472 -0.316761 0.646195 -0.623544 0.305430
5600.000000 41750.000000 -0.389571 8.729757 -1.083265 0.306890 -0.597728 0.653358 -0.348802
5600.000000 41650.000000 0.481928 7.310877 -2.275138 0.307551 -0.554659 0.669336 -0.386981
5650.000000 41700.000000 1.141442 8.434159 0.696570 -0.318141 0.632586 -0.614142 0.348500
5650.000000 41750.000000 0.336869 7.345618 -0.637947 0.354037 -0.581006 0.616205 -0.396714
5650.000000 41650.000000 1.479358 8.606724 0.124518 -0.315248 0.626318 -0.614368 0.361796
5700.000000 41700.000000 3.178430 7.336268 2.430726 -0.283421 0.704302 -0.604984 0.240055
5700.000000 41750.000000 1.833832 6.033341 1.030818 -0.337774 0.642297 -0.609040 0.320052
5700.000000 41500.000000 10.921919 30.572913 1.165431 -0.294650 0.665723 -0.614548 0.303850
5750.000000 41750.000000 4.235523 5.123552 1.258841 -0.236039 0.677303 -0.644442 0.265029
5750.000000 41700.000000 1.466454 18.252201 0.132895 -0.178026 0.703865 -0.661683 0.187233
5750.000000 41550.000000 14.055859 28.493256 0.117804 0.181782 -0.655189 0.677251 -0.281093
5800.000000 41750.000000 3.273904 3.498424 1.321230 -0.152892 0.700502 -0.675742 0.171156
5800.000000 41800.000000 4.828138 3.932211 0.546644 0.113724 -0.690327 0.692551 -0.175749
5800.000000 41700.000000 4.980424 0.627438 2.806069 -0.171376 0.731982 -0.654515 0.080271
5850.000000 41800.000000 -0.258514 15.195463 1.248297 -0.054202 0.752934 -0.644234 0.122943
5850.000000 41750.000000 3.611956 1.947975 1.044931 -0.039095 0.718862 -0.690870 0.066394
5850.000000 41950.000000 0.198067 11.708762 -0.296759 -0.015783 0.710754 -0.701952 0.042938
5900.000000 41800.000000 0.486739 14.630984 -0.474313 0.036982 0.713522 -0.699605 -0.008486
5900.000000 41950.000000 0.113211 11.803939 -0.397371 0.070211 0.715035 -0.694047 -0.045755
5900.000000 41900.000000 0.708594 12.744167 -0.196646 0.069756 0.718711 -0.689846 -0.051974
5950.000000 41850.000000 0.989884 12.211835 -0.084595 0.143869 0.705449 -0.686135 -0.104222
5950.000000 41800.000000 -0.604919 20.422577 -0.657254 -0.079810 -0.698897 0.710535 0.017715
5950.000000 41950.000000 -0.136896 10.163681 -0.272593 0.136270 0.698410 -0.697078 -0.087953
