4000.000000 40850.000000 -34.137830 21.678552 -5.037750 0.715383 0.036183 0.088643 -0.692142
4000.000000 40800.000000 -34.664196 19.551380 -5.008430 0.711124 0.033822 0.094160 -0.695911
4000.000000 40900.000000 -33.133308 24.360931 -4.976720 0.713247 0.046279 0.070781 -0.695792
4050.000000 40850.000000 -34.252986 22.311790 -5.029536 -0.701798 -0.013616 -0.109241 0.703818
4050.000000 40900.000000 -33.113591 25.110044 -4.987707 -0.701904 -0.033909 -0.089879 0.705764
4050.000000 40800.000000 -34.500702 20.164687 -4.988851 -0.697537 -0.019909 -0.105917 0.708398
4100.000000 40850.000000 -34.194432 22.548552 -5.015757 -0.698386 -0.000083 -0.107006 0.707677
4100.000000 40800.000000 -34.460348 20.760435 -5.099688 -0.686416 -0.000749 -0.110403 0.718779
4100.000000 40900.000000 -33.152490 25.310280 -4.991637 -0.702036 -0.022585 -0.093163 0.705660
4150.000000 40850.000000 -34.103310 22.947948 -4.947438 0.706431 -0.041312 0.121256 -0.696093
4150.000000 40900.000000 -32.646373 25.260635 -4.774468 0.719065 0.010169 0.082142 -0.689996
4150.000000 40750.000000 -33.728941 19.818835 -4.939496 0.711087 0.007114 0.081708 -0.698304
4200.000000 40900.000000 -33.094570 26.238413 -4.913947 0.704333 -0.080418 0.171018 -0.684252
4200.000000 40850.000000 -33.031527 25.243287 -4.965316 0.706765 -0.072347 0.162807 -0.684648
4200.000000 40950.000000 -31.881772 28.354201 -4.869866 0.708262 -0.076872 0.163270 -0.682494
4250.000000 40950.000000 -31.550235 29.108379 -4.870403 -0.683724 0.124721 -0.208976 0.687965
4250.000000 40900.000000 -32.519011 27.068652 -4.881848 -0.683139 0.122188 -0.208224 0.689227
4250.000000 40850.000000 -32.961049 25.223565 -4.904133 -0.684492 0.125632 -0.208732 0.687108
4300.000000 41000.000000 -32.781055 29.358295 -4.929260 0.676179 -0.177761 0.311803 -0.643399
4300.000000 40950.000000 -32.583294 28.658629 -4.893672 0.675665 -0.186689 0.298600 -0.647659
4300.000000 40900.000000 -32.459272 26.986550 -4.862778 0.682143 -0.163461 0.283740 -0.653799
4350.000000 41000.000000 -31.055166 30.222063 -4.799059 0.633979 -0.280133 0.375225 -0.615469
4350.000000 41050.000000 -30.637780 31.073509 -4.746624 0.620888 -0.293744 0.399448 -0.607169
4350.000000 40950.000000 -31.168063 29.273896 -4.790692 0.640591 -0.285320 0.361215 -0.614622
4400.000000 41050.000000 -29.425660 31.764154 -4.682619 -0.557529 0.360400 -0.455502 0.593119
4400.000000 41100.000000 -27.833810 32.949771 -4.547651 -0.567659 0.351085 -0.463030 0.583186
4400.000000 41000.000000 -29.955672 30.586612 -4.699036 0.598625 -0.330888 0.419736 -0.596643
4450.000000 41100.000000 -27.634351 32.750460 -4.478435 -0.540885 0.425813 -0.469309 0.553061
4450.000000 41200.000000 -23.995872 33.897297 -4.258831 -0.542238 0.408114 -0.461578 0.571285
4450.000000 41250.000000 -21.828648 33.326290 -3.937988 -0.561824 0.395062 -0.438604 0.579574
4500.000000 41200.000000 -23.369366 34.535359 -4.001667 0.448802 -0.498810 0.568503 -0.475993
4500.000000 41250.000000 -22.492907 34.930313 -3.647761 0.470800 -0.502424 0.552054 -0.470270
4500.000000 41400.000000 -17.428576 33.601358 -3.103846 0.487953 -0.482127 0.536327 -0.491740
4550.000000 41300.000000 -18.685470 33.592739 -3.373188 0.400317 -0.550493 0.595022 -0.427379
4550.000000 41500.000000 -13.694747 33.809219 -2.640927 0.390635 -0.563384 0.596339 -0.417591
4550.000000 41350.000000 -17.241857 33.491706 -3.143534 0.392119 -0.553628 0.602075 -0.421003
4600.000000 41300.000000 -18.074243 33.166275 -3.237914 0.402178 -0.558831 0.606994 -0.396888
4600.000000 41350.000000 -16.412175 32.844838 -2.989710 0.395660 -0.559321 0.612972 -0.393546
4600.000000 41400.000000 -14.751747 32.629687 -2.754799 0.393122 -0.569897 0.610096 -0.385298
4650.000000 41350.000000 -15.821407 32.435009 -2.873790 0.377956 -0.579829 0.611412 -0.383566
4650.000000 41400.000000 -14.137452 32.205521 -2.646921 0.372493 -0.591441 0.610721 -0.372111
4650.000000 41600.000000 -9.085438 31.295040 -2.021538 0.381512 -0.579685 0.610375 -0.381912
4700.000000 41400.000000 -13.641156 31.895256 -2.562713 0.370264 -0.590585 0.603811 -0.386685
4700.000000 41550.000000 -9.318419 31.437199 -2.154635 0.352721 -0.585192 0.622906 -0.380956
4700.000000 41350.000000 -15.355870 32.222322 -2.789963 0.370288 -0.581972 0.610596 -0.389060
4750.000000 41450.000000 -11.545740 31.280157 -2.294965 0.362826 -0.571225 0.623899 -0.390909
4750.000000 41550.000000 -8.676068 30.952938 -1.883719 0.354973 -0.580687 0.628754 -0.376120
4750.000000 41400.000000 -13.125673 31.534100 -2.495545 0.363891 -0.577868 0.620920 -0.384850
4800.000000 41500.000000 -9.540908 30.787601 -2.044069 0.357760 -0.575412 0.620518 -0.394800
4800.000000 41550.000000 -8.342785 30.791381 -1.818751 0.358626 -0.581726 0.619971 -0.385510
4800.000000 41600.000000 -6.781729 30.102956 -1.691513 0.366873 -0.570094 0.618751 -0.396918
4850.000000 41550.000000 -7.780104 30.612041 -1.785327 0.367778 -0.581247 0.626335 -0.366872
4850.000000 41500.000000 -9.178577 30.590490 -1.968999 0.386005 -0.569323 0.616738 -0.382759
4850.000000 41600.000000 -6.339318 29.896198 -1.605100 0.389693 -0.566355 0.615653 -0.385164
4900.000000 41550.000000 -7.133368 30.001658 -1.646969 0.369847 -0.595871 0.606481 -0.374609
4900.000000 41600.000000 -5.877191 29.722876 -1.546589 0.361679 -0.592727 0.616896 -0.370544
4900.000000 41650.000000 -4.308309 28.737061 -1.396943 0.363498 -0.586797 0.617376 -0.377339
4950.000000 41550.000000 -6.539709 29.633916 -1.560915 0.382318 -0.594304 0.606288 -0.364760
4950.000000 41650.000000 -3.794975 28.292084 -1.289142 0.379496 -0.582278 0.611760 -0.377736
4950.000000 41600.000000 -5.278330 29.349806 -1.428897 0.370386 -0.594827 0.616560 -0.358955
5000.000000 41650.000000 -3.232001 28.034730 -1.184499 0.345272 -0.596619 0.621172 -0.372798
5000.000000 41600.000000 -4.839908 29.167188 -1.389810 0.330046 -0.606284 0.629842 -0.356074
5000.000000 41700.000000 -2.039437 26.827238 -0.990196 0.351908 -0.594457 0.622484 -0.367824
5050.000000 41650.000000 -2.915743 27.817801 -1.139236 0.345032 -0.596247 0.637278 -0.345425
5050.000000 41600.000000 -4.238308 28.673852 -1.280874 0.328209 -0.613847 0.642744 -0.319924
5050.000000 41700.000000 -1.631384 26.594540 -0.932446 0.350612 -0.596784 0.638333 -0.336826
5100.000000 41700.000000 -1.117509 26.169167 -0.842916 0.243611 -0.633356 0.671536 -0.297579
5100.000000 41650.000000 -2.148051 27.147942 -1.003406 0.242901 -0.639855 0.664483 -0.300080
5100.000000 41600.000000 -3.615775 28.033299 -1.166673 0.247277 -0.643211 0.662515 -0.293612
5150.000000 41750.000000 -0.202144 24.381846 -0.708554 0.149485 -0.681216 0.696259 -0.169770
5150.000000 41700.000000 -0.706695 25.458016 -0.772578 0.140708 -0.680981 0.698577 -0.168687
5150.000000 41800.000000 -0.342786 23.131187 -0.686937 0.161845 -0.678834 0.693731 -0.178122
5200.000000 41850.000000 -0.408601 20.827637 -0.686249 0.006555 0.706383 -0.706195 0.047635
5200.000000 41800.000000 -0.169290 22.216687 -0.646623 0.001133 0.707776 -0.704526 0.051908
5200.000000 41750.000000 -0.087470 23.575574 -0.684939 -0.009475 -0.705944 0.706531 -0.048650
5250.000000 41850.000000 -0.461146 20.142505 -0.681908 0.035628 0.714471 -0.698706 -0.008398
5250.000000 41900.000000 -0.848285 19.007714 -0.735392 0.027549 0.708848 -0.704821 -0.001670
5250.000000 41800.000000 -0.217300 21.447182 -0.627291 0.032357 0.718530 -0.694727 -0.004718
5300.000000 41900.000000 -0.933372 18.267463 -0.707913 -0.076377 -0.703366 0.706008 0.031556
5300.000000 41950.000000 -1.453893 16.903283 -0.708863 0.073638 0.707268 -0.702519 -0.028565
5300.000000 41850.000000 -0.610428 19.709055 -0.636996 0.074029 0.712132 -0.697889 -0.018377
5350.000000 41950.000000 -1.599460 16.070939 -0.717001 0.071807 0.718827 -0.690191 -0.042054
5350.000000 41900.000000 -1.159872 17.343014 -0.701649 0.074052 0.719010 -0.690086 -0.036360
5350.000000 41850.000000 -0.759006 19.234121 -0.597711 0.062883 0.727513 -0.683054 -0.014422
5400.000000 41950.000000 -1.806722 15.315649 -0.738516 -0.130703 -0.679466 0.718354 0.072182
5400.000000 41900.000000 -1.195063 17.120813 -0.685203 -0.132774 -0.678892 0.718480 0.072547
5400.000000 41850.000000 -0.688706 19.385327 -0.624109 -0.132520 -0.683092 0.715108 0.066668
5450.000000 41950.000000 -1.917916 15.016945 -0.719882 0.104118 0.723437 -0.681703 -0.032859
5450.000000 41900.000000 -1.352783 17.220479 -0.678308 0.096801 0.718987 -0.687824 -0.024198
5450.000000 41850.000000 -0.590633 19.818241 -0.715264 0.106688 0.716553 -0.688108 -0.040960
5500.000000 41950.000000 -2.047341 14.297499 -0.740135 0.008080 0.713077 -0.700757 0.019892
5500.000000 41850.000000 -1.133215 17.761802 -0.628251 0.004656 0.716834 -0.696687 0.027456
5500.000000 41800.000000 -0.814401 19.424274 -0.624022 -0.005087 0.715413 -0.698006 0.030775
5550.000000 41750.000000 -0.341567 19.761201 -0.862302 0.139962 -0.659001 0.713706 -0.191711
5550.000000 41800.000000 -0.828964 18.164392 -0.668159 0.183698 -0.668441 0.694529 -0.192539
5550.000000 41850.000000 -0.900299 16.771161 -0.691548 0.164417 -0.669747 0.698879 -0.189667
5600.000000 41700.000000 -1.588365 22.470358 -0.734468 0.297780 -0.614189 0.653994 -0.326176
5600.000000 41750.000000 0.010569 19.618448 -1.041770 0.322023 -0.557446 0.662756 -0.382504
5600.000000 41650.000000 -1.841033 24.952124 -0.717539 -0.119481 0.707575 -0.670509 0.188361
5650.000000 41700.000000 -1.157518 22.080700 -0.635128 0.326503 -0.604369 0.626316 -0.368594
5650.000000 41750.000000 0.299431 19.340472 -0.792344 0.358689 -0.557741 0.621967 -0.416442
5650.000000 41650.000000 -1.318703 24.803316 -0.786526 -0.087618 0.704682 -0.671693 0.211126
5700.000000 41700.000000 -0.651096 21.849679 -0.533666 0.265497 -0.640618 0.653781 -0.302804
5700.000000 41750.000000 1.828221 19.631108 -0.226405 -0.212445 0.672658 -0.661641 0.254224
5700.000000 41500.000000 -5.000388 30.880640 -1.166981 -0.234291 0.689768 -0.637404 0.251087
5750.000000 41750.000000 2.006200 19.228244 -0.202020 0.155470 -0.676694 0.684346 -0.222677
5750.000000 41700.000000 -0.455343 21.393752 -0.605558 0.211587 -0.633684 0.677701 -0.307240
5750.000000 41550.000000 -3.121292 30.032198 -0.771537 -0.248938 0.683762 -0.634196 0.261332
5800.000000 41750.000000 1.502818 18.896400 -0.221756 0.110447 -0.684032 0.700104 -0.172498
5800.000000 41800.000000 1.740594 17.610417 -0.388795 0.148709 -0.670639 0.697814 -0.202941
5800.000000 41700.000000 -0.081061 20.757020 -0.439228 0.066008 -0.679014 0.712648 -0.163448
5850.000000 41800.000000 -0.148850 20.636170 -0.980306 0.115258 -0.647237 0.741337 -0.134977
5850.000000 41750.000000 1.363081 18.877334 -0.045006 -0.044807 0.718236 -0.694316 0.007334
5850.000000 41950.000000 -1.057098 14.660474 -0.686889 0.015018 -0.688267 0.720989 -0.078978
5900.000000 41800.000000 -0.058399 20.666583 -0.410672 0.022182 0.727046 -0.677024 0.112030
5900.000000 41950.000000 -1.467294 15.973602 -0.849960 -0.018182 -0.704277 0.709648 0.007979
5900.000000 41900.000000 -1.242637 19.139176 -0.784367 -0.039774 0.710642 -0.702051 0.023041
5950.000000 41850.000000 -0.004746 18.677627 -0.379879 0.104161 0.737039 -0.646671 -0.166556
5950.000000 41800.000000 -0.006166 21.926351 -0.503359 0.065153 0.713566 -0.696587 -0.036683
5950.000000 41950.000000 -1.602354 14.745862 -0.729041 -0.120596 -0.692179 0.709314 -0.056726
