1100 20550
8600 10400
41950 5500
1350 20750
1250 20700
9900 22250
9000 21350
1500 6900
9650 7850
1300 6700
9450 22750
41000 4350
9100 21250
1400 6700
1850 21400
8550 23500
1750 21350
41900 42000
8650 10450
9150 23050
9950 10000
9100 22950
1850 7250
8550 10400
750 6150
41850 5500
27750 30950
9700 7950
8250 10050
1350 20700
8350 23600
8800 21700
800 6200
8550 10350
8300 10100
9800 22300
41850 42050
8900 23250
1750 21150
41250 4600
1150 20600
9150 21300
8850 7200
1700 21000
27700 30950
9400 22700
14700 28700
9000 21500
8400 23600
41800 5250
1250 20600
1800 7100
9050 21450
1050 20450
1750 21450
9650 22400
1550 20900
26950 30100
26800 30000
9700 7850
900 6300
1500 20950
8800 23300
8500 23400
1850 21200
1500 20850
900 6250
9050 7650
1050 6450
1850 7150
8250 22050
26850 30050
27750 31050
41950 5400
27050 30250
8300 22050
8750 21700
1250 6650
40900 4100
27300 30450
1600 21050
41650 5100
8800 23250
1150 6500
750 6200
8550 10600
9550 23450
27600 30700
9300 22900
27450 30600
1650 7050
27400 30550
40900 4050
9050 21300
9950 22200
27150 30350
1350 6700
9400 7800
9700 7900
27700 30850
9100 21350
8950 23150
1050 6400
41550 4950
9350 22850
27250 30450
9150 22950
1300 20700
41300 4600
8650 21750
14650 28850
27800 31100
9400 22650
27750 30850
9750 7950
9700 38800
8600 23300
8500 10200
1150 20550
9000 23100
1750 21100
27650 30800
41600 5000
8850 7550
650 20100
8200 23650
8850 7300
9950 23700
9500 22600
1600 6900
1700 21050
27550 30650
27700 31000
8900 21650
1150 6550
41500 4850
27200 30400
9850 22300
14700 28850
41200 4550
14650 28700
9600 7850
8200 22100
14700 28750
1300 6600
41550 4900
8750 21750
8300 10050
1450 20900
8500 23450
40900 4200
8700 23350
8300 21900
41200 4600
40950 4250
8250 22100
26800 30050
27750 31000
1000 20350
8550 10500
26950 30150
41600 5100
8950 7200
9800 22250
41900 5400
41500 4900
9300 22800
1750 21250
9500 22650
1100 20500
9500 22500
41350 4650
27000 30150
9750 22400
1750 7050
9500 7750
8500 10250
950 20350
9500 7700
1800 7250
650 6000
9650 7900
1700 7050
8950 21550
900 20300
41900 5450
27750 30800
41850 5300
8500 23500
9700 39000
8400 23500
1900 21300
1550 6850
9600 22550
8550 23800
8450 10250
8900 21600
8700 23400
8600 21850
14700 28800
40750 4000
41250 4550
8400 10100
8600 10450
9400 22800
600 6000
9750 22350
8550 10450
8150 23800
9600 22450
1800 21400
9250 22900
750 20250
8000 7950
9600 7750
41700 5100
41950 5350
1100 20450
1600 6950
1700 7100
8000 22300
9250 7700
27200 30300
850 20250
1850 7300
8800 21650
800 20200
8850 7150
41900 5300
1800 7150
600 20050
8400 21950
27300 30500
41850 5250
9100 21300
1900 7800
27350 30500
9500 22550
41200 4500
1500 20900
8650 10500
41300 4550
1550 6900
8700 23300
27350 30600
1300 20650
8550 10550
650 20150
14650 28650
9850 22250
8950 7150
40850 4200
40900 4250
9350 22750
9500 21800
27500 30650
26900 30100
1250 6550
1850 7200
1800 21150
650 6050
1000 20400
9900 22200
1750 7150
9350 22700
27000 30250
8450 10200
9450 22700
26850 30000
8200 22000
8300 23600
27500 30700
9000 21400
900 20350
9300 22850
27200 30450
800 6150
1800 21450
41650 5000
40800 4100
1750 21400
41900 42050
8850 21550
8250 22000
700 20000
41400 4850
27700 31100
26900 30050
27800 30950
950 6250
9100 23050
8350 23550
700 20050
9200 22900
8250 21950
950 6350
27550 30700
41750 5150
8850 21650
8600 10350
41400 4750
41550 5050
27700 31050
9050 23050
8650 10400
8350 21950
27200 30350
27650 30850
41600 5050
41650 5050
1000 6350
8650 10350
9050 21350
1450 6800
850 20300
1850 21150
1700 21100
41850 5350
8350 21900
1200 6550
9450 22650
41950 42000
1400 6750
1250 20650
26950 30200
9550 7750
14950 29000
41450 4800
8250 23700
9700 38850
1850 21450
27050 30200
40850 4050
8600 23350
8200 22050
14700 28650
9150 23000
1800 21250
40900 4150
9500 7800
8950 23100
1300 6650
8250 23650
41750 5250
700 20100
1200 20650
600 20000
8850 23250
8900 21550
27100 30300
8600 23400
27800 30900
1000 6400
8400 21900
8650 23850
8200 23700
8900 23150
1850 21350
9050 23000
8600 23550
650 6100
41950 42050
800 20300
8800 21600
41900 5350
41800 5300
1400 20800
41350 4800
950 20400
41500 4950
41450 4900
8200 23750
1350 6750
41400 4700
1450 6750
8850 7250
8650 23350
9350 22800
40850 4150
41850 42000
9150 7650
1800 21300
40850 4000
1400 20750
1400 20850
750 6100
8350 10100
9000 23200
1100 6400
27000 30200
9550 22600
14850 28900
1750 7200
9050 21400
41700 5150
1200 20550
